1	命运之书	0	1	1	0	0
1	食人树叶	0	1	1	0	0
1	毒蜘蛛牙齿	0	1	1	0	0
1	食人树果实	0	1	1	0	0
1	蝎子尾巴	0	1	1	0	0
1	蛆卵	0	1	1	0	0
5	古铜戒指	0	1	1	0	0
5	青铜头盔	0	1	1	0	0
5	金项链	0	1	1	0	0
5	铁手镯	0	1	1	0	0
5	传统项链	0	1	1	0	0
5	小手镯	0	1	1	0	0
5	银手镯	0	1	1	0	0
5	大手镯	0	1	1	0	0
1	铜矿	0	1	1	0	0
1	铁矿	0	1	1	0	0
1	银矿	0	1	1	0	0
1	金矿	0	1	1	0	0
1	战神油	0	1	1	0	0
1	回城卷	0	1	1	0	0
1	骰子	0	1	1	0	0
1	黑铁矿石	0	1	1	0	0
1	彩票	0	1	1	0	0
2	疗伤药	0	1	1	0	0
2	强效太阳水	0	1	1	0	0
5	魔力手镯	0	1	1	0	0
1	地牢逃脱卷包	0	1	1	0	0
1	随机传送卷包	0	1	1	0	0
1	回城卷包	0	1	1	0	0
1	行会回城卷包	0	1	1	0	0
4	乌木剑	0	1	1	0	0
4	铁剑	0	1	1	0	0
4	青铜剑	0	1	1	0	0
3	轻型盔甲(男)	0	1	1	0	0
3	轻型盔甲(女)	0	1	1	0	0
3	中型盔甲(男)	0	1	1	0	0
3	中型盔甲(女)	0	1	1	0	0
3	布衣(男)	0	1	1	0	0
3	布衣(女)	0	1	1	0	0
4	木剑	0	1	1	0	0
4	青铜斧	0	1	1	0	0
4	八荒	0	1	1	0	0
5	玻璃戒指	0	1	1	0	0
5	牛角戒指	0	1	1	0	0
5	蓝色水晶戒指	0	1	1	0	0
5	六角戒指	0	1	1	0	0
5	黑檀项链	0	1	1	0	0
5	黄色水晶项链	0	1	1	0	0
5	黑色水晶项链	0	1	1	0	0
5	魔法头盔	0	1	1	0	0
4	半月	0	1	1	0	0
5	皮制手套	0	1	1	0	0
5	坚固手套	0	1	1	0	0
5	钢手镯	0	1	1	0	0
5	生铁戒指	0	1	1	0	0
5	金戒指	0	1	1	0	0
5	魅力戒指	0	1	1	0	0
5	道德戒指	0	1	1	0	0
5	白金项链	0	1	1	0	0
5	躲避手链	0	1	1	0	0
1	地牢逃脱卷	0	1	1	0	0
5	灯笼项链	0	1	1	0	0
5	白色虎齿项链	0	1	1	0	0
4	鹤嘴锄	0	1	1	0	0
5	隐身戒指	0	1	1	0	0
5	黑色水晶戒指	0	1	1	0	0
5	魔鬼项链	0	1	1	0	0
5	珊瑚戒指	0	1	1	0	0
5	蓝翡翠项链	0	1	1	0	0
5	蛇眼戒指	0	1	1	0	0
5	琥珀项链	0	1	1	0	0
2	护身符	0	1	1	0	0
5	麻痹戒指	0	1	1	0	0
5	复活戒指	0	1	1	0	0
5	火焰戒指	0	1	1	0	0
5	防御戒指	0	1	1	0	0
5	求婚戒指	0	1	1	0	0
5	护身戒指	0	1	1	0	0
5	超负载戒指	0	1	1	0	0
5	技巧项链	0	1	1	0	0
5	狂风戒指	0	1	1	0	0
5	夏普儿手镯	0	1	1	0	0
5	狂风项链	0	1	1	0	0
5	避邪手镯	0	1	1	0	0
5	探测项链	0	1	1	0	0
1	行会回城卷	0	1	1	0	0
1	修复油	0	1	1	0	0
4	短剑	0	1	1	0	0
4	匕首	0	1	1	0	0
4	海魂	0	1	1	0	0
4	修罗	0	1	1	0	0
4	凌风	0	1	1	0	0
4	破魂	0	1	1	0	0
4	斩马刀	0	1	1	0	0
4	凝霜	0	1	1	0	0
5	降妖除魔戒指	0	1	1	0	0
4	偃月	0	1	1	0	0
4	降魔	0	1	1	0	0
5	珍珠戒指	0	1	1	0	0
5	竹笛	0	1	1	0	0
5	铂金戒指	0	1	1	0	0
5	骷髅戒指	0	1	1	0	0
5	放大镜	0	1	1	0	0
5	魔法手镯	0	1	1	0	0
5	金手镯	0	1	1	0	0
5	凤凰明珠	0	1	1	0	0
5	道士手镯	0	1	1	0	0
5	黑檀手镯	0	1	1	0	0
2	太阳水	0	1	1	0	0
1	祖玛头像	0	1	1	0	0
1	随机传送卷	0	1	1	0	0
2	强效金创药	0	1	1	0	0
2	强效魔法药	0	1	1	0	0
1	超级金创药	0	1	1	0	0
1	超级魔法药	0	1	1	0	0
1	疗伤药包	0	1	1	0	0
1	护身符包	0	1	1	0	0
1	特级魔法包-	0	1	1	0	0
1	火球术	0	1	1	0	0
1	治愈术	0	1	1	0	0
1	基本剑术	0	1	1	0	0
1	精神力战法	0	1	1	0	0
1	大火球	0	1	1	0	0
1	攻杀剑术	0	1	1	0	0
1	施毒术	0	1	1	0	0
1	抗拒火环	0	1	1	0	0
1	地狱火	0	1	1	0	0
1	雷电术	0	1	1	0	0
1	疾光电影	0	1	1	0	0
1	灵魂火符	0	1	1	0	0
1	幽灵盾	0	1	1	0	0
1	神圣战甲术	0	1	1	0	0
1	刺杀剑术	0	1	1	0	0
1	困魔咒	0	1	1	0	0
1	召唤骷髅	0	1	1	0	0
1	隐身术	0	1	1	0	0
1	集体隐身术	0	1	1	0	0
1	诱惑之光	0	1	1	0	0
1	瞬息移动	0	1	1	0	0
1	火墙	0	1	1	0	0
1	爆裂火焰	0	1	1	0	0
1	地狱雷光	0	1	1	0	0
1	半月弯刀	0	1	1	0	0
1	烈火剑法	0	1	1	0	0
1	野蛮冲撞	0	1	1	0	0
1	心灵启示	0	1	1	0	0
1	群体治疗术	0	1	1	0	0
1	召唤神兽	0	1	1	0	0
1	魔法盾	0	1	1	0	0
1	圣言术	0	1	1	0	0
1	冰咆哮	0	1	1	0	0
5	祈祷手镯	0	1	1	0	0
5	祈祷项链	0	1	1	0	0
5	祈祷戒指	0	1	1	0	0
5	祈祷头盔	0	1	1	0	0
5	记忆戒指	0	1	1	0	0
5	记忆项链	0	1	1	0	0
5	记忆手镯	0	1	1	0	0
5	记忆头盔	0	1	1	0	0
4	命运之刃	0	1	1	0	0
5	魔血戒指	0	1	1	0	0
5	魔血手镯	0	1	1	0	0
5	魔血项链	0	1	1	0	0
5	虹魔戒指	0	1	1	0	0
5	虹魔手镯	0	1	1	0	0
5	虹魔项链	0	1	1	0	0
4	罗刹	0	1	1	0	0
1	四倍经验卷轴	0	1	1	0	0
1	60分钟大礼包	0	1	1	0	0
2	传送符	0	1	1	0	0
1	心心相印	0	1	1	0	0
1	红名清洗卡	0	1	1	0	0
1	个性发型	0	1	1	0	0
1	反璞归真	0	1	1	0	0
1	道士无需毒符	0	1	1	0	0
5	道士头盔	0	1	1	0	0
5	思贝儿手镯	0	1	1	0	0
5	红宝石戒指	0	1	1	0	0
5	龙之戒指	0	1	1	0	0
5	死神手套	0	1	1	0	0
5	骷髅头盔	0	1	1	0	0
4	无极棍	0	1	1	0	0
5	生命项链	0	1	1	0	0
5	心灵手镯	0	1	1	0	0
5	幽灵手套	0	1	1	0	0
5	阎罗手套	0	1	1	0	0
5	天珠项链	0	1	1	0	0
5	幽灵项链	0	1	1	0	0
2	==========	0	1	1	0	0
3	重盔甲(女)	0	1	1	0	0
3	魔法长袍(女)	0	1	1	0	0
3	灵魂战衣(女)	0	1	1	0	0
3	重盔甲(男)	0	1	1	0	0
3	魔法长袍(男)	0	1	1	0	0
3	灵魂战衣(男)	0	1	1	0	0
3	战神盔甲(男)	0	1	1	0	0
3	战神盔甲(女)	0	1	1	0	0
3	幽灵战衣(男)	0	1	1	0	0
3	幽灵战衣(女)	0	1	1	0	0
3	恶魔长袍(男)	0	1	1	0	0
3	恶魔长袍(女)	0	1	1	0	0
4	炼狱	0	1	1	0	0
4	井中月	0	1	1	0	0
4	银蛇	0	1	1	0	0
4	魔杖	0	1	1	0	0
1	沃玛号角	0	1	1	0	0
1	祝福油	0	1	1	0	0
1	金条	0	1	1	0	0
1	金砖	0	1	1	0	0
1	金盒	0	1	1	0	0
1	心灵召唤	0	1	1	0	0
1	会员贵族	0	1	1	0	0
2	=============	0	1	1	0	0
1	寒潭香	0	1	1	0	0
1	竹叶青	0	1	1	0	0
1	女儿红	0	1	1	0	0
1	隐藏地图卷	0	1	1	0	0
1	10元宝	0	1	1	0	0
1	20元宝	0	1	1	0	0
1	50元宝	0	1	1	0	0
1	100元宝	0	1	1	0	0
1	500元宝	0	1	1	0	0
1	1000元宝	0	1	1	0	0
1	5000元宝	0	1	1	0	0
1	10000元宝	0	1	1	0	0
1	超级祝福油	0	1	1	0	0
1	庆典蛋糕	0	1	1	0	0
1	四级魔法盾	0	1	1	0	0
1	四级烈火剑法	0	1	1	0	0
1	四级灵魂火符	0	1	1	0	0
1	逐日剑法	0	1	1	0	0
1	流星火雨	0	1	1	0	0
1	召唤月灵	0	1	1	0	0
2	随机传送石	0	1	1	0	0
2	盟重传送石	0	1	1	0	0
2	祝福罐	0	1	1	0	0
1	移动仓库卷	0	1	1	0	0
1	聚灵珠(小)	0	1	1	0	0
1	聚灵珠(中)	0	1	1	0	0
1	聚灵珠(大)	0	1	1	0	0
1	超级聚灵珠	0	1	1	0	0
1	千里传音	0	1	1	0	0
2	==========	0	1	1	0	0
2	==========	0	1	1	0	0
1	狂暴之力	0	1	1	0	0
2	==========	0	1	1	0	0
1	体力v1	0	1	1	0	0
1	体力v2	0	1	1	0	0
1	体力v3	0	1	1	0	0
1	体力v4	0	1	1	0	0
1	体力v5	0	1	1	0	0
1	强化v1	0	1	1	0	0
1	强化v2	0	1	1	0	0
1	强化v3	0	1	1	0	0
1	强化v4	0	1	1	0	0
1	强化v5	0	1	1	0	0
1	精准v1	0	1	1	0	0
1	精准v2	0	1	1	0	0
1	精准v3	0	1	1	0	0
1	精准v4	0	1	1	0	0
1	精准v5	0	1	1	0	0
1	免伤v1	0	1	1	0	0
1	免伤v2	0	1	1	0	0
1	免伤v3	0	1	1	0	0
1	免伤v4	0	1	1	0	0
1	免伤v5	0	1	1	0	0
1	嗜血v1	0	1	1	0	0
1	嗜血v2	0	1	1	0	0
1	嗜血v3	0	1	1	0	0
1	嗜血v4	0	1	1	0	0
1	嗜血v5	0	1	1	0	0
2	==========	0	1	1	0	0
2	==========	0	1	1	0	0
1	一转侍郎	0	1	1	0	0
1	二转骑士	0	1	1	0	0
1	三转前锋	0	1	1	0	0
1	四转护卫	0	1	1	0	0
1	五转左领	0	1	1	0	0
1	六转参将	0	1	1	0	0
1	七转大将	0	1	1	0	0
1	八转将军	0	1	1	0	0
1	一转神石	0	1	1	0	0
1	二转神石	0	1	1	0	0
1	三转神石	0	1	1	0	0
1	四转神石	0	1	1	0	0
1	五转神石	0	1	1	0	0
1	六转神石	0	1	1	0	0
1	七转神石	0	1	1	0	0
1	八转神石	0	1	1	0	0
1	精炼神石	0	1	1	0	0
1	巨人心脏	0	1	1	0	0
1	赤月恶魔油	0	1	1	0	0
1	小有所成	0	1	1	0	0
1	勇者无敌	0	1	1	0	0
1	独霸一方	0	1	1	0	0
1	幻境凭证	0	1	1	0	0
1	迷魂凭证	0	1	1	0	0
1	技能天书	0	1	1	0	0
1	武林绝学	0	1	1	0	0
1	天宫之锤	0	1	1	0	0
1	加星石	0	1	1	0	0
1	鉴定神石	0	1	1	0	0
1	合体Lv5	0	1	1	0	0
1	作废	0	1	1	0	0
1	作废	0	1	1	0	0
1	作废	0	1	1	0	0
1	作废	0	1	1	0	0
1	元婴Lv1	0	1	1	0	0
1	元婴Lv2	0	1	1	0	0
1	元婴Lv3	0	1	1	0	0
1	元婴Lv4	0	1	1	0	0
1	元婴Lv5	0	1	1	0	0
1	大乘Lv1	0	1	1	0	0
1	大乘Lv2	0	1	1	0	0
1	大乘Lv3	0	1	1	0	0
1	大乘Lv4	0	1	1	0	0
1	大乘Lv5	0	1	1	0	0
1	修真凡蜕	0	1	1	0	0
2	==========	0	1	1	0	0
2	修复神水	0	1	1	0	0
1	苹果	0	1	1	0	0
1	书页	0	1	1	0	0
5	黑铁头盔	0	1	1	0	0
5	力量戒指	0	1	1	0	0
5	骑士手镯	0	1	1	0	0
5	绿色项链	0	1	1	0	0
5	三眼手镯	0	1	1	0	0
5	灵魂项链	0	1	1	0	0
5	泰坦戒指	0	1	1	0	0
5	紫碧螺	0	1	1	0	0
5	龙之手镯	0	1	1	0	0
5	恶魔铃铛	0	1	1	0	0
4	血饮	0	1	1	0	0
4	裁决之杖	0	1	1	0	0
4	骨玉权杖	0	1	1	0	0
4	龙纹剑	0	1	1	0	0
5	藤域头盔	0	1	1	0	0
5	藤域项链	0	1	1	0	0
5	藤域手镯	0	1	1	0	0
5	藤域戒指	0	1	1	0	0
5	木域头盔	0	1	1	0	0
5	木域项链	0	1	1	0	0
5	木域手镯	0	1	1	0	0
5	木域戒指	0	1	1	0	0
5	神域头盔	0	1	1	0	0
5	神域项链	0	1	1	0	0
5	神域手镯	0	1	1	0	0
5	神域戒指	0	1	1	0	0
3	天魔神甲	0	1	1	0	0
3	圣战宝甲	0	1	1	0	0
3	法神披风	0	1	1	0	0
3	霓裳羽衣	0	1	1	0	0
3	天尊道袍	0	1	1	0	0
3	天师长袍	0	1	1	0	0
2	==========	0	1	1	0	0
4	蓝灵法杖	0	1	1	0	0
4	圣战之刃	0	1	1	0	0
4	蓝灵龙纹	0	1	1	0	0
4	绿玉裁决	0	1	1	0	0
4	法神之杖	0	1	1	0	0
4	金域无极棍	0	1	1	0	0
4	赤血魔剑	0	1	1	0	0
2	==========	0	1	1	0	0
5	宙迪头盔	0	1	1	0	0
5	铜域项链	0	1	1	0	0
5	铜域手镯	0	1	1	0	0
5	铜域戒指	0	1	1	0	0
5	勇士头盔	0	1	1	0	0
5	水域项链	0	1	1	0	0
5	水域手镯	0	1	1	0	0
5	水域戒指	0	1	1	0	0
5	道域头盔	0	1	1	0	0
5	土域项链	0	1	1	0	0
5	土域手镯	0	1	1	0	0
5	土域戒指	0	1	1	0	0
3	骑士战袍(男)	0	1	1	0	0
3	骑士战袍(女)	0	1	1	0	0
3	骑士魔袍(男)	0	1	1	0	0
3	骑士魔袍(女)	0	1	1	0	0
3	骑士道袍(男)	0	1	1	0	0
3	骑士道袍(女)	0	1	1	0	0
4	恶魔权杖	0	1	1	0	0
4	天尊之扇	0	1	1	0	0
4	绿玉屠龙	0	1	1	0	0
2	==========	0	1	1	0	0
2	==========	0	1	1	0	0
7	藤域腰带	0	1	1	0	0
7	藤域靴	0	1	1	0	0
7	木域腰带	0	1	1	0	0
7	木域靴	0	1	1	0	0
7	神域腰带	0	1	1	0	0
7	神域靴	0	1	1	0	0
7	铜域腰带	0	1	1	0	0
7	铜域靴	0	1	1	0	0
7	水域腰带	0	1	1	0	0
7	水域靴	0	1	1	0	0
7	土域腰带	0	1	1	0	0
7	土域靴	0	1	1	0	0
2	==========	0	1	1	0	0
1	1001元宝	0	1	1	0	0
1	5001元宝	0	1	1	0	0
1	15000元宝	0	1	1	0	0
1	40000元宝	0	1	1	0	0
1	100000元宝	0	1	1	0	0
1	飓风破	0	1	1	0	0
2	==========	0	1	1	0	0
1	狮子吼	0	1	1	0	0
1	惊寂之光	0	1	1	0	0
1	衣服极品属性消	0	1	1	0	0
5	轩辕头盔	0	1	1	0	0
5	轩辕项链	0	1	1	0	0
5	轩辕手镯	0	1	1	0	0
5	轩辕戒指	0	1	1	0	0
7	轩辕腰带	0	1	1	0	0
7	轩辕靴	0	1	1	0	0
4	轩辕开天	0	1	1	0	0
3	轩辕战甲	0	1	1	0	0
3	轩辕战袍	0	1	1	0	0
5	魔神头盔	0	1	1	0	0
5	魔神项链	0	1	1	0	0
5	魔神手镯	0	1	1	0	0
5	魔神戒指	0	1	1	0	0
7	魔神腰带	0	1	1	0	0
7	魔神靴	0	1	1	0	0
4	魔神镇天	0	1	1	0	0
3	魔神魔甲	0	1	1	0	0
3	魔神魔袍	0	1	1	0	0
5	无极头盔	0	1	1	0	0
5	无极项链	0	1	1	0	0
5	无极手镯	0	1	1	0	0
5	无极戒指	0	1	1	0	0
7	无极腰带	0	1	1	0	0
7	无极靴	0	1	1	0	0
4	无极玄天	0	1	1	0	0
3	无极道甲	0	1	1	0	0
3	无极道袍	0	1	1	0	0
7	爱情鲜花	0	1	1	0	0
7	苍穹之泪	0	1	1	0	0
7	凤凰余烬	0	1	1	0	0
7	深渊凝视	0	1	1	0	0
1	渡江客	0	1	1	0	0
1	不破禅	0	1	1	0	0
1	白毒笠	0	1	1	0	0
1	蜃楼笠	0	1	1	0	0
7	虚空之眼	0	1	1	0	0
7	幻梦流光	0	1	1	0	0
7	亡者低语	0	1	1	0	0
7	先祖之魂	0	1	1	0	0
6	承运虎符章	0	1	1	0	0
6	辟邪金甲符	0	1	1	0	0
6	山河永震印	0	1	1	0	0
6	万兽裂空玺	0	1	1	0	0
1	全身20星	0	1	1	0	0
1	全身40星	0	1	1	0	0
1	全身60星	0	1	1	0	0
1	全身90星	0	1	1	0	0
1	威震八方	0	1	1	0	0
1	一代宗师	0	1	1	0	0
1	傲视群雄	0	1	1	0	0
1	天下无双	0	1	1	0	0
1	逆天改命	0	1	1	0	0
1	不死不灭	0	1	1	0	0
1	副装结晶	0	1	1	0	0
1	开天(时装)	0	1	1	0	0
1	镇天(时装)	0	1	1	0	0
1	玄天(时装)	0	1	1	0	0
1	雷霆战甲(时装)	0	1	1	0	0
1	雷霆战袍(时装)	0	1	1	0	0
1	烈焰魔甲(时装)	0	1	1	0	0
1	烈焰魔袍(时装)	0	1	1	0	0
1	光芒道甲(时装)	0	1	1	0	0
1	光芒道袍(时装)	0	1	1	0	0
3	朱雀魔甲	0	1	1	0	0
3	朱雀魔袍	0	1	1	0	0
3	白虎战甲	0	1	1	0	0
3	白虎战袍	0	1	1	0	0
3	青龙道甲	0	1	1	0	0
3	青龙道袍	0	1	1	0	0
1	武士之星	0	1	1	0	0
1	道士之星	0	1	1	0	0
1	法师之星	0	1	1	0	0
5	金域令	0	1	1	0	0
5	蓝灵项链	0	1	1	0	0
5	祈福项链	0	1	1	0	0
5	银域戒指	0	1	1	0	0
5	银域手镯	0	1	1	0	0
5	银域项链	0	1	1	0	0
5	战神の帝	0	1	1	0	0
5	守护の神	0	1	1	0	0
5	傀儡の隐	0	1	1	0	0
5	诅咒の亡	0	1	1	0	0
5	凤凰の飞	0	1	1	0	0
5	精灵の翔	0	1	1	0	0
5	隐身戒指	0	1	1	0	0
5	传送戒指	0	1	1	0	0
1	自动挂机	0	1	1	0	0
1	一键拾取	0	1	1	0	0
1	宝箱	0	1	1	0	0
1	攻击药水	0	1	1	0	0
1	魔法药水	0	1	1	0	0
1	道术药水	0	1	1	0	0
1	残剑碎片	0	1	1	0	0
1	羽衣碎片	0	1	1	0	0
1	猩猩战甲(时装)	0	1	1	0	0
1	猩猩战袍(时装)	0	1	1	0	0
4	星光の剑	0	1	1	0	0
4	倚天の剑	0	1	1	0	0
4	屠龙の刀	0	1	1	0	0
3	苍龙の甲	0	1	1	0	0
3	苍龙の袍	0	1	1	0	0
1	沉默之心	0	1	1	0	0
4	男人的眼泪	0	1	1	0	0
3	末日审判甲	0	1	1	0	0
3	末日审判袍	0	1	1	0	0
1	梦幻之刃[副装]	0	1	1	0	0
1	炎燎	0	1	1	0	0
1	血戾	0	1	1	0	0
1	轮湮	0	1	1	0	0
1	天地の攻	0	1	1	0	0
1	左手碎片	0	1	1	0	0
1	毒龙之身(时装)	0	1	1	0	0
1	恶魔之刃(时装)	0	1	1	0	0
1	魅影之身(时装)	0	1	1	0	0
1	煞魂斩(时装)	0	1	1	0	0
1	毒龙神甲(时装)	0	1	1	0	0
1	恶魔战甲(时装)	0	1	1	0	0
1	煞魂甲(时装)	0	1	1	0	0
1	毒龙神袍(时装)	0	1	1	0	0
1	恶魔战袍(时装)	0	1	1	0	0
1	煞魂袍(时装)	0	1	1	0	0
1	副本凭证	0	1	1	0	0
1	换衣凭证	0	1	1	0	0
1	城主之刃(时装)	0	1	1	0	0
1	城主战甲(时装)	0	1	1	0	0
1	城主战袍(时装)	0	1	1	0	0
5	聖·战神の帝	0	1	1	0	0
5	聖·守护の神	0	1	1	0	0
5	聖·傀儡の隐	0	1	1	0	0
5	聖·诅咒の亡	0	1	1	0	0
5	聖·凤凰の飞	0	1	1	0	0
5	聖·精灵の翔	0	1	1	0	0
1	解毒术	0	1	1	0	0
1	天书①	0	1	1	0	0
1	天书②	0	1	1	0	0
1	天书③	0	1	1	0	0
1	天书④	0	1	1	0	0
1	天书⑤	0	1	1	0	0
1	天书⑥	0	1	1	0	0
1	天书⑦	0	1	1	0	0
1	天书⑧	0	1	1	0	0
1	天书⑨	0	1	1	0	0
7	诅咒の带	0	1	1	0	0
7	诅咒の靴	0	1	1	0	0
1	幻境凭证	0	1	1	0	0
1	属性点重置	0	1	1	0	0
1	怀念精英	0	1	1	0	0
1	怀念侠士	0	1	1	0	0
1	怀念大师	0	1	1	0	0
1	怀念至尊	0	1	1	0	0
1	怀念神话	0	1	1	0	0
1	积分5点	0	1	1	0	0
1	积分10点	0	1	1	0	0
1	积分50点	0	1	1	0	0
1	积分100点	0	1	1	0	0
1	红水晶	0	1	1	0	0
1	突破凭证	0	1	1	0	0
2	==========	0	1	1	0	0
5	神·宙迪头盔	0	1	1	0	0
5	神·铜域项链	0	1	1	0	0
5	神·铜域手镯	0	1	1	0	0
5	神·铜域戒指	0	1	1	0	0
5	神·勇士头盔	0	1	1	0	0
5	神·水域项链	0	1	1	0	0
5	神·水域手镯	0	1	1	0	0
5	神·水域戒指	0	1	1	0	0
5	神·道域头盔	0	1	1	0	0
5	神·土域项链	0	1	1	0	0
5	神·土域手镯	0	1	1	0	0
5	神·土域戒指	0	1	1	0	0
3	神·骑士战袍(男)	0	1	1	0	0
3	神·骑士战袍(女)	0	1	1	0	0
3	神·骑士魔袍(男)	0	1	1	0	0
3	神·骑士魔袍(女)	0	1	1	0	0
3	神·骑士道袍(男)	0	1	1	0	0
3	神·骑士道袍(女)	0	1	1	0	0
4	神·恶魔权杖	0	1	1	0	0
4	神·天尊之扇	0	1	1	0	0
4	神·绿玉屠龙	0	1	1	0	0
5	金刚の盔	0	1	1	0	0
5	金刚の链	0	1	1	0	0
5	金刚の镯	0	1	1	0	0
5	金刚の戒	0	1	1	0	0
7	金刚の带	0	1	1	0	0
7	金刚の靴	0	1	1	0	0
4	金刚の刃	0	1	1	0	0
3	金刚の甲	0	1	1	0	0
3	金刚の袍	0	1	1	0	0
5	魔尊の盔	0	1	1	0	0
5	魔尊の链	0	1	1	0	0
5	魔尊の镯	0	1	1	0	0
5	魔尊の戒	0	1	1	0	0
7	魔尊の带	0	1	1	0	0
7	魔尊の靴	0	1	1	0	0
4	魔尊の杖	0	1	1	0	0
3	魔尊の甲	0	1	1	0	0
3	魔尊の袍	0	1	1	0	0
5	阴龙の盔	0	1	1	0	0
5	阴龙の链	0	1	1	0	0
5	阴龙の镯	0	1	1	0	0
5	阴龙の戒	0	1	1	0	0
7	阴龙の带	0	1	1	0	0
7	阴龙の靴	0	1	1	0	0
4	阴龙の剑	0	1	1	0	0
3	阴龙の甲	0	1	1	0	0
3	阴龙の袍	0	1	1	0	0
1	神佑之力	0	1	1	0	0
1	梦幻戒指[副装]	0	1	1	0	0
1	梦幻头盔[副装]	0	1	1	0	0
1	勇士头盔[副装]	0	1	1	0	0
1	道域头盔[副装]	0	1	1	0	0
1	梦幻项链[副装]	0	1	1	0	0
1	木域项链[副装]	0	1	1	0	0
1	土域项链[副装]	0	1	1	0	0
1	梦幻手镯[副装]	0	1	1	0	0
1	木域手镯[副装]	0	1	1	0	0
1	土域手镯[副装]	0	1	1	0	0
5	仙·战神の帝	0	1	1	0	0
5	仙·守护の神	0	1	1	0	0
5	仙·傀儡の隐	0	1	1	0	0
5	仙·诅咒の亡	0	1	1	0	0
5	仙·凤凰の飞	0	1	1	0	0
5	仙·精灵の翔	0	1	1	0	0
7	仙·诅咒の带	0	1	1	0	0
7	仙·诅咒の靴	0	1	1	0	0
4	仙·星光の剑	0	1	1	0	0
4	仙·倚天の剑	0	1	1	0	0
4	仙·屠龙の刀	0	1	1	0	0
3	仙·苍龙の甲	0	1	1	0	0
3	仙·苍龙の袍	0	1	1	0	0
5	麻痹戒指[印+1]	0	1	1	0	0
5	麻痹戒指[印+2]	0	1	1	0	0
5	麻痹戒指[印+3]	0	1	1	0	0
5	麻痹戒指[印+4]	0	1	1	0	0
5	麻痹戒指[印+5]	0	1	1	0	0
5	复活戒指[印+1]	0	1	1	0	0
5	复活戒指[印+2]	0	1	1	0	0
5	复活戒指[印+3]	0	1	1	0	0
5	复活戒指[印+4]	0	1	1	0	0
5	复活戒指[印+5]	0	1	1	0	0
5	护身戒指[印+1]	0	1	1	0	0
5	护身戒指[印+2]	0	1	1	0	0
5	护身戒指[印+3]	0	1	1	0	0
5	护身戒指[印+4]	0	1	1	0	0
5	护身戒指[印+5]	0	1	1	0	0
5	麻痹戒指[终极]	0	1	1	0	0
5	复活戒指[终极]	0	1	1	0	0
5	护身戒指[终极]	0	1	1	0	0
7	神·铜域腰带	0	1	1	0	0
7	神·铜域靴	0	1	1	0	0
7	神·水域腰带	0	1	1	0	0
7	神·水域靴	0	1	1	0	0
7	神·土域腰带	0	1	1	0	0
7	神·土域靴	0	1	1	0	0
1	梦幻战甲[副装]	0	1	1	0	0
1	梦幻战袍[副装]	0	1	1	0	0
7	聖·诅咒の带	0	1	1	0	0
7	聖·诅咒の靴	0	1	1	0	0
1	天地の防	0	1	1	0	0
1	天地の攻防	0	1	1	0	0
1	鹿角	0	1	1	0	0
1	蜃楼笠[印+1]	0	1	1	0	0
1	蜃楼笠[印+2]	0	1	1	0	0
1	蜃楼笠[终极]	0	1	1	0	0
7	深渊凝视[印+1]	0	1	1	0	0
7	深渊凝视[印+2]	0	1	1	0	0
7	深渊凝视[终极]	0	1	1	0	0
7	先祖之魂[印+1]	0	1	1	0	0
7	先祖之魂[印+2]	0	1	1	0	0
7	先祖之魂[终极]	0	1	1	0	0
6	万兽裂空玺[印+1]	0	1	1	0	0
6	万兽裂空玺[印+2]	0	1	1	0	0
6	万兽裂空玺[终极]	0	1	1	0	0
1	500000元宝	0	1	1	0	0
1	金币	0	1	1	0	0
3	积分1点	0	1	1	0	0
3	积分2点	0	1	1	0	0
3	积分3点	0	1	1	0	0
7	真龍·战神の帝	0	1	1	0	0
7	真龍·守护の神	0	1	1	0	0
7	真龍·傀儡の隐	0	1	1	0	0
7	真龍·诅咒の亡	0	1	1	0	0
7	真龍·凤凰の飞	0	1	1	0	0
7	真龍·精灵の翔	0	1	1	0	0
7	真龍·诅咒の带	0	1	1	0	0
7	真龍·诅咒の靴	0	1	1	0	0
7	首饰卷轴	0	1	1	0	0
7	天地の攻速	0	1	1	0	0
7	天地の攻防甲	0	1	1	0	0
7	天地の攻防袍	0	1	1	0	0
7	天地の噬魔	0	1	1	0	0
7	天地の噬防甲	0	1	1	0	0
7	天地の噬防袍	0	1	1	0	0
7	天地の悟道	0	1	1	0	0
7	天地の悟防甲	0	1	1	0	0
7	天地の悟防袍	0	1	1	0	0
3	副装礼包	0	1	1	0	0
