;特殊NPC/二级密码	3	337	320	修改二级密码\设置二级密码\与	0	31	0	0	0	1	1
;特殊NPC/二级密码	密码验证室	19	14	修改二级密码\设置二级密码\与	0	31	0	0	0	1	1
;特殊NPC/二级密码	密码验证室	10	14	修改二级密码\设置二级密码\与	0	31	0	0	0	1	1
;特殊NPC/二级密码	密码验证室	15	10	修改二级密码\设置二级密码\与	0	31	0	0	0	1	1
;特殊NPC/二级密码	密码验证室	15	19	修改二级密码\设置二级密码\与	0	31	0	0	0	1	1
;特殊NPC/密码验证	0	291	618	点我进行游戏\验证二级密码\　	0	8	0	0	0	1	1
;特殊NPC/密码验证	0	649	621	点我进行游戏\验证二级密码\　	0	8	0	0	0	1	1
;---------------------------------------------------------------------------------------

;新制作/测试奖励	0	652	626	测试奖励	0	9	0	0	0
新手接待员	0	650	626	小村接待员	0	12	0	0	0	0	0
新手接待员	0	288	613	小村接待员	0	12	0	0	0	0	0
;新制作/宣传大使	3	343	341	宣传大使	0	52	0	0	0	0
新制作/四大神兽	风暴之城	336	343	四大神兽	0	10010	0	0	0
;新制作/测试奖励	0	291	613	测试奖励	0	9	0	0	0
新制作/14技能兑换	3	333	321	技能兑换	0	78	0	0	0
新制作/15幸运项链	3	336	321	幸运项链	0	12	0	0	0
新制作/21装备回收	3	321	321	装备回收	0	210	0	0	0	0	0
新制作/狂暴之力	3	340	326	狂暴之力	0	65	0	0	0
新制作/26挑战擂台	0	333	264	挑战擂台	0	10001	0	0	0
新制作/苹果兑换	3	361	335	苹果兑换	0	10001	0	0
新制作/31拿沙	3	340	321	再战沙城	0	204	0	0	0	0	0
;新制作/装备分解	new_5大陆	50	42	装备分解	0	1	0	0	0	0	0
;新制作/装备展示	3	327	351	装备展示	0	67	0	0	0	0	0
;新制作/每日副本	3	321	318	每日副本	0	246	0	0	0	0	0
新制作/无字天书	0161	11	15	无字天书	0	14	0	0	0	0	0
新制作/称号突破	new_5大陆	41	42	称号突破	0	206	0	0	0	0	0
新制作/积分提取	new_5大陆	50	61	积分提取	0	12	0	0	0
新制作/综合介绍		3	340	330	综合\物品介绍		0	264	0
新制作/首爆奖励   	3	324	321	首爆奖励		0	64	0	0	0
;新制作/浮屠猎人   	3	329	346	浮屠猎人		0	236	0	0	0
;新制作/装备熔炼   	dtmc	231	205	装备熔炼		0	236	0	0	0
;新制作/特殊合成   	3	324	321	特殊合成		0	15	0	0	0
;新制作/副装兑换   	3	342	326	副装兑换		0	256	0	0	0
;新制作/技能修炼   	3	338	321	技能修炼		0	15	0	0	0
新制作/技能修炼   	new_5大陆	50	42	技能修炼		0	15	0	0	0
新制作/BUFF鉴定   	new_5大陆	37	46	BUFF鉴定		0	263	0	0	0
;新制作/印装合成   	YHSD1	72	38	印装合成		0	207	0	0	0
新制作/武器修炼   	0159	5	10	武器修炼		0	0	0	0	0
新制作/行会战争   	hhzbdt	20	22	行会战争		0	15	0	0	0
新制作/兑换属性   	dtmc	231	205	兑换属性		0	206	0	0	0
;新制作/转区回收   	3	324	318	转区回收		0	251	0	0	0
新制作/老渔翁	0	248	679	老渔翁	0	1	0	0	0
新制作/首饰锻造	dtmc	231	210	首饰锻造	0	271	0	0	0
新制作/剑甲锻造	dtmc	235	210	剑甲锻造	0	241	0	0	0
新制作/月卡兑换	3	340	336	福利会员	0	209	0	0	0	0	0

新制作/强筋健体	3	327	321	强筋健体	0	263	0
新制作/转世重生1	3	330	321	转生称号		0	240	0
新制作/转世重生2	new_5大陆	44	42	转生称号		0	240	0
新制作/转世重生3	dtmc	231	200	转生称号		0	240	0

新制作/仙魔劫	new_5大陆	37	42	仙魔劫		0	244	0
新制作/装备加星   new_5大陆 47 42  部位加星	0	239	0
新制作/终极熔炼	dtmc	231	195	终极熔炼	0       263	0
;特殊NPC/二级密码	3	341	329	二级密码	0	12	0	0	0
新制作/山庄管理	dtmc	241	200	山庄管理	0	70	1	1	0
新制作/擂台裁判	擂台	53	44	[等待开设]\裁判	0	12	0	0	0
特殊NPC/监狱	jianyu	11	15	监狱看守员	0	31	0	0	0	0	0


地图/幻境向导		H003	83	83	幻境向导	0	15	0
地图/沉默之城	3	330	332	沉默之城	0	101	1	1	0
;地图/怀念沉默	3	324	351	怀念沉默	0	101	1	1	0
地图/神兽山庄	new_5大陆	37	52	神兽山庄	0	70	0	0	0	0	0
地图/上古之地	dtmc	233	191	上古之地	0	71	0	0	0	0	0
地图/困兽之境	dtmc	237	191	困兽之境	0	72	0	0	0	0	0
地图/海底深渊	dtmc	245	191	海底深渊	0	73	0	0	0	0	0
;地图/卧龙地宫	YHSD2	71	38	卧龙地宫	0	1	0	0	0
地图/天宫之城	dtmc	241	191	天宫之城	0	74	0	0	0
地图/挑战幻境	3	337	331	挑战幻境	0	9	0	0	0
;地图/迷魂方阵	3	327	347	迷魂方阵	0	1	0	0	0

地图/蛮荒地宫	new_5大陆	53	54	蛮荒地宫	0	222	0	0	0
地图/石墓之地	new_5大陆	53	58	石墓之地	0	222	0	0	0
地图/水上城镇	new_5大陆	45	38	水上城镇	0	270	0	0	0
地图/春夏秋冬	new_5大陆	37	58	春夏秋冬	0	222	0	0	0
地图/世外桃源	new_5大陆	40	58	世外桃源	0	222	0	0	0
地图/火龙地狱	new_5大陆	43	58	火龙地狱	0	222	0	0	0
地图/冰雪迷宫	new_5大陆	53	46	冰雪迷宫	0	222	0	0	0

地图/帝王古墓	new_5大陆	46	58	帝王古墓	0	222	0	0	0
地图/丛林迷宫	new_5大陆	49	58	丛林迷宫	0	222	0	0	0
地图/海上森林	dtmc	249	191	海上森林	0	75	0	0	0
地图/冰封荒原	new_5大陆	53	50	冰封荒原	0	222	0	0	0







仓库NPC/盟重土城_仓库	3	305	373	悦来客栈老板	0	1	0	0	0	0	0
仓库NPC/盟重土城_仓库	0145	9	12	仓库保管员	0	1	0	0	0	0	0
仓库NPC/苍月岛_仓库	5	126	331	苍月岛保管员	0	1	0	0	0	0	0

老兵/传送员_比奇	0	329	264	传送员	0	8	0	0	0	0	0
老兵/传送员_土城	3	342	330	传送员	0	8	0	0	0	0	0
老兵/传送员_白日门	11	180	321	传送员	0	8	8	0	0	0	0
老兵/苍月老兵	5	130	332	传送员	0	8	0	0	0	0	0
老兵/封魔谷_恶魔老兵	4	240	199	传送员	0	8	0	0	0	0	0
老兵/毒蛇山谷传送员	2	503	483	传送员	0	8	0	0	0	0	0

影之道/幻境_沙巴克密使	H007	55	75	沙巴克密使	0	1	0	0	0	0	0
影之道/影之道_沙巴克密使	H201	20	93	神秘老人	0	1	0	0	0	0	0

沉默之巅1/沉默之巅	new_5大陆	53	42	沉默之巅	0	271	0	0	0	0	0
;====================
沉默之巅1/通天神塔01	iqy1	20	23	沉默之巅	0	31	0
沉默之巅1/通天神塔02	iqy2	20	23	沉默之巅	0	31	0
沉默之巅1/通天神塔03	iqy3	20	23	沉默之巅	0	31	0
沉默之巅1/通天神塔04	iqy4	20	23	沉默之巅	0	31	0
沉默之巅1/通天神塔05	iqy5	20	23	沉默之巅	0	31	0
沉默之巅1/通天神塔06	iqy6	20	23	沉默之巅	0	31	0
沉默之巅1/通天神塔07	iqy7	20	23	沉默之巅	0	31	0
沉默之巅1/通天神塔08	iqy8	20	23	沉默之巅	0	31	0
沉默之巅1/通天神塔09	iqy9	20	23	沉默之巅	0	31	0
沉默之巅1/通天神塔10	iqy10	20	23	沉默之巅	0	31	0
;=================
;沉默之巅11-20层↓
;=================
沉默之巅1/通天神塔11	iqy11	20	23	沉默之巅	0	31	0
沉默之巅1/通天神塔12	iqy12	20	23	沉默之巅	0	31	0
沉默之巅1/通天神塔13	iqy13	20	23	沉默之巅	0	31	0
沉默之巅1/通天神塔14	iqy14	20	23	沉默之巅	0	31	0
沉默之巅1/通天神塔15	iqy15	20	23	沉默之巅	0	31	0
沉默之巅1/通天神塔16	iqy16	20	23	沉默之巅	0	31	0
沉默之巅1/通天神塔17	iqy17	20	23	沉默之巅	0	31	0
沉默之巅1/通天神塔18	iqy18	20	23	沉默之巅	0	31	0
沉默之巅1/通天神塔19	iqy19	20	23	沉默之巅	0	31	0
沉默之巅1/通天神塔20	iqy20	20	23	沉默之巅	0	31	0
;=================
;沉默之巅21-30层↓
;=================
沉默之巅1/通天神塔21	iqy21	20	23	沉默之巅	0	31	0
沉默之巅1/通天神塔22	iqy22	20	23	沉默之巅	0	31	0
沉默之巅1/通天神塔23	iqy23	20	23	沉默之巅	0	31	0
沉默之巅1/通天神塔24	iqy24	20	23	沉默之巅	0	31	0
沉默之巅1/通天神塔25	iqy25	20	23	沉默之巅	0	31	0
沉默之巅1/通天神塔26	iqy26	20	23	沉默之巅	0	31	0
沉默之巅1/通天神塔27	iqy27	20	23	沉默之巅	0	31	0
沉默之巅1/通天神塔28	iqy28	20	23	沉默之巅	0	31	0
沉默之巅1/通天神塔29	iqy29	20	23	沉默之巅	0	31	0
沉默之巅1/通天神塔30	iqy30	20	23	沉默之巅	0	31	0

;=================
;沉默之巅31-40层↓
;=================
沉默之巅1/通天神塔31	iqy31	20	23	沉默之巅	0	31	0
沉默之巅1/通天神塔32	iqy32	20	23	沉默之巅	0	31	0
沉默之巅1/通天神塔33	iqy33	20	23	沉默之巅	0	31	0
沉默之巅1/通天神塔34	iqy34	20	23	沉默之巅	0	31	0
沉默之巅1/通天神塔35	iqy35	20	23	沉默之巅	0	31	0
沉默之巅1/通天神塔36	iqy36	20	23	沉默之巅	0	31	0
沉默之巅1/通天神塔37	iqy37	20	23	沉默之巅	0	31	0
沉默之巅1/通天神塔38	iqy38	20	23	沉默之巅	0	31	0
沉默之巅1/通天神塔39	iqy39	20	23	沉默之巅	0	31	0
沉默之巅1/通天神塔40	iqy40	20	23	沉默之巅	0	31	0
;=================
;沉默之巅41-50层↓
;=================
沉默之巅1/通天神塔41	iqy41	20	23	沉默之巅	0	31	0
沉默之巅1/通天神塔42	iqy42	20	23	沉默之巅	0	31	0
沉默之巅1/通天神塔43	iqy43	20	23	沉默之巅	0	31	0
沉默之巅1/通天神塔44	iqy44	20	23	沉默之巅	0	31	0
沉默之巅1/通天神塔45	iqy45	20	23	沉默之巅	0	31	0
沉默之巅1/通天神塔46	iqy46	20	23	沉默之巅	0	31	0
沉默之巅1/通天神塔47	iqy47	20	23	沉默之巅	0	31	0
沉默之巅1/通天神塔48	iqy48	20	23	沉默之巅	0	31	0
沉默之巅1/通天神塔49	iqy49	20	23	沉默之巅	0	31	0
沉默之巅1/通天神塔50	iqy50	20	23	沉默之巅	0	31	0
;=================
;沉默之巅51-60层↓
;=================
沉默之巅1/通天神塔51	iqy51	20	23	沉默之巅	0	31	0
沉默之巅1/通天神塔52	iqy52	20	23	沉默之巅	0	31	0
沉默之巅1/通天神塔53	iqy53	20	23	沉默之巅	0	31	0
沉默之巅1/通天神塔54	iqy54	20	23	沉默之巅	0	31	0




货币兑换_QQ群835162076 3 343 336 货币兑换	0	8	0