;怪物名 忽视防御(0~100) 增加伤害(0~255) 伤害反弹(0~100) 物伤减少(0~100) 魔伤减少(0~100) 麻痹-几率-时间(0~1 0~10 0~10) 防麻痹(0~1) 防全毒(0~1) 防火墙(0~1) 防诱惑(0~1) 破复活(0~1) 破护身(0~1)
普通镖车 0 0 0 50 50 0 0 0 0 0 0 0 0 0 
高级镖车 0 0 0 50 50 0 0 0 0 0 0 0 0 0 
超级镖车 0 0 0 50 50 0 0 0 0 0 0 0 0 0 
宝箱 0 0 0 70 70 0 0 0 0 0 0 0 0 0 
黑色恶蛆99 0 0 0 70 70 0 0 0 0 0 0 0 0 0 
聚宝恶魔 0 0 0 30 50 0 0 0 0 0 0 0 0 0 
怀念魔神 0 0 0 35 50 0 0 0 0 0 0 0 0 0 
守护BOSS1 0 0 0 30 45 0 0 0 0 0 0 1 0 0 
守护BOSS2 0 0 0 30 45 0 0 0 0 0 0 1 0 0 
守护BOSS3 0 0 0 30 45 0 0 0 0 0 0 1 0 0 
守护BOSS4 0 0 0 30 45 0 0 0 0 0 0 1 0 0 
守护BOSS5 0 0 0 30 45 0 0 0 0 0 0 1 0 0 
守护BOSS6 0 0 0 30 45 0 0 0 0 0 0 1 0 0 
守护BOSS7 0 0 0 30 45 0 0 0 0 0 0 1 0 0 
守护BOSS8 0 0 0 30 45 0 0 0 0 0 0 1 0 0 
守护BOSS9 0 0 0 30 45 0 0 0 0 0 0 1 0 0 
经验半兽人 0 0 0 15 25 0 0 0 0 0 0 0 0 0 
经验半兽战士 0 0 0 15 25 0 0 0 0 0 0 0 0 0 
经验半兽勇士 0 0 0 15 25 0 0 0 0 0 0 0 0 0 
经验恶灵僵尸 0 0 0 15 25 0 0 0 0 0 0 0 0 0 
经验骷髅锤兵 0 0 0 15 25 0 0 0 0 0 0 0 0 0 
经验骷髅长枪兵 0 0 0 15 25 0 0 0 0 0 0 0 0 0 
牛魔将军 0 0 0 20 36 0 0 0 0 0 0 0 0 0 
牛魔祭司 0 0 0 20 36 0 0 0 0 0 0 0 0 0 
祖玛弓箭手 0 0 0 20 36 0 0 0 0 0 0 0 0 0 
祖玛弓箭手3 0 0 0 20 36 0 0 0 0 0 0 0 0 0 
祖玛雕像 0 0 0 20 36 0 0 0 0 0 0 0 0 0 
祖玛雕像3 0 0 0 20 36 0 0 0 0 0 0 0 0 0 
祖玛卫士 0 0 0 20 36 0 0 0 0 0 0 0 0 0 
祖玛卫士3 0 0 0 20 36 0 0 0 0 0 0 0 0 0 
白野猪 0 0 0 22 36 0 0 0 0 0 0 0 0 0 
邪恶毒蛇 0 0 0 22 39 0 0 0 0 0 0 0 0 0 
石墓尸王 0 0 0 22 39 0 0 0 0 0 0 0 0 0 
虹魔蝎卫 0 0 0 22 39 0 0 0 0 0 0 0 0 0 
虹魔鳄鱼 0 0 0 22 39 0 0 0 0 0 0 0 0 0 
雪域甲壳虫 0 0 0 23 40 0 0 0 0 0 0 0 0 0 
雪狼 0 0 0 23 40 0 0 0 0 0 0 0 0 0 
雪巨人 0 0 0 23 40 0 0 0 0 0 0 0 0 0 
暗之双头金刚 0 0 0 24 41 0 0 0 0 0 0 0 0 0 
暗之深海龙王 0 0 0 24 41 0 0 0 0 0 0 0 0 0 
暗之炼狱教主 0 0 0 24 41 0 0 0 0 0 0 0 0 0 
暗之双头血魔 0 0 0 24 41 0 0 0 0 0 0 0 0 0 
暗之沃玛教主 0 0 0 24 41 0 0 0 0 0 0 0 0 0 
双头金刚 0 0 0 25 42 0 0 0 0 0 0 0 0 0 
邪恶重锤 0 0 0 25 42 0 0 0 0 0 0 0 0 0 
暗黑蛇妖 0 0 0 25 42 0 0 0 0 0 0 0 0 0 
深海龙王 0 0 0 25 42 0 0 0 0 0 0 0 0 0 
炼狱教主 0 0 0 25 42 0 0 0 0 0 0 0 0 0 
骷髅精灵 0 0 0 25 42 0 0 0 0 0 0 0 0 0 
兽魂猪妖 0 0 0 25 42 0 0 0 0 0 0 0 0 0 
沃玛教主 0 0 0 25 42 0 0 0 0 0 0 0 0 0 
雪域侍卫1 0 0 0 25 42 0 0 0 0 0 0 0 0 0 
雪域侍卫2 0 0 0 25 42 0 0 0 0 0 0 0 0 0 
雪域侍卫3 0 0 0 25 42 0 0 0 0 0 0 0 0 0 
黑野猪[变异] 0 0 0 26 43 0 0 0 0 0 0 0 0 0 
红野猪[变异] 0 0 0 26 43 0 0 0 0 0 0 0 0 0 
蛇蝎[变异] 0 0 0 26 43 0 0 0 0 0 0 0 0 0 
远古金蛇 0 0 0 26 43 0 0 0 0 0 0 0 0 0 
深海巨人 0 0 0 26 43 0 0 0 0 0 0 0 0 0 
死亡恶魔 0 0 0 27 44 0 0 0 0 0 0 0 0 0 
死亡蛇妖 0 0 0 27 44 0 0 0 0 0 0 0 0 0 
地藏统领 0 0 0 27 44 0 0 0 0 0 0 0 0 0 
雪域卫士 0 0 0 27 44 0 0 0 0 0 0 0 0 0 
白野猪[变异] 0 0 0 27 44 0 0 0 0 0 0 0 0 0 
蛮荒侍卫 0 0 0 27 44 0 0 0 0 0 0 0 0 0 
雪域斗士 0 0 0 27 44 0 0 0 0 0 0 0 0 0 
雪域大锤 0 0 0 27 44 0 0 0 0 0 0 0 0 0 
深渊尸王 0 0 0 28 45 0 0 0 0 0 0 0 0 0 
血僵尸[变异] 0 0 0 28 45 0 0 0 0 0 0 0 0 0 
千年树妖 0 0 0 28 45 0 0 0 0 0 0 0 0 0 
火域龙王 0 0 0 30 46 0 0 0 0 0 0 0 0 0 
雪域统领 0 0 0 30 46 0 0 0 0 0 0 0 0 0 
双锤猪王 0 0 0 30 46 0 0 0 0 0 0 0 0 0 
梦魇神牛 0 0 0 30 46 0 0 0 0 0 0 0 0 0 
终极恶魔 0 0 0 31 47 0 0 0 0 0 0 0 0 0 
玛雅教主 0 0 0 31 47 0 0 0 0 0 0 0 0 0 
恐怖魔王 0 0 0 31 47 0 0 0 0 0 0 0 0 0 
雪域魔王 0 0 0 31 47 0 0 0 0 0 0 0 0 0 
诅咒教主 0 0 0 31 47 0 0 0 0 0 0 0 0 0 
魔族统领 0 0 0 31 47 0 0 0 0 0 0 0 0 0 
焚心炎帝 0 0 0 31 47 0 0 0 0 0 0 0 0 0 
幽冥魔王 0 0 0 31 47 0 0 0 0 0 0 0 0 0 
雪域领主 0 0 0 32 48 0 0 0 0 0 0 0 0 0 
千古帝王 0 0 0 32 48 0 0 0 0 0 0 0 0 0 
万蛇之王 0 0 0 35 50 0 0 0 0 0 0 0 0 0 
卧龙魔王 0 0 0 35 50 0 0 0 0 0 0 0 0 0 
蛮兽 0 0 0 10 80 0 0 0 0 0 0 0 0 0 
凶兽 0 0 0 80 10 0 0 0 0 0 0 0 0 0 
恶魔蜘蛛 0 0 0 0 0 0 0 0 100 0 0 0 100 100 0 0 0 0 0 0 0 0
卧龙庄主 0 0 0 0 0 0 0 0 100 0 0 0 100 100 0 0 0 0 0 0 0 0
庄主夫人 0 0 0 0 0 0 0 0 100 0 0 0 100 100 0 0 0 0 0 0 0 0
卧龙魔王 0 0 0 0 0 0 0 0 100 0 0 0 100 100 0 0 0 0 0 0 0 0
神兽魔君 0 0 0 0 0 0 0 0 100 0 0 0 100 100 0 0 0 0 0 0 0 0
焚心炎帝 0 0 0 0 0 0 0 0 100 0 0 0 100 100 0 0 0 0 0 0 0 0
欲火邪神 0 0 0 0 0 0 0 0 100 0 0 0 100 100 0 0 0 0 0 0 0 0
白虎 0 0 0 0 0 0 0 0 100 0 0 0 100 100 0 0 0 0 0 0 0 0
朱雀 0 0 0 0 0 0 0 0 100 0 0 0 100 100 0 0 0 0 0 0 0 0
青龙 0 0 0 0 0 0 0 0 100 0 0 0 100 100 0 0 0 0 0 0 0 0
玄武 0 0 0 0 0 0 0 0 100 0 0 0 100 100 0 0 0 0 0 0 0 0
玛法战神 0 0 0 0 0 0 0 0 100 0 0 0 0 0 0 0 0 0 0 0 0 0
玛法魔尊 0 0 0 0 0 0 0 0 0 0 0 0 0 100 0 0 0 0 0 0 0 0
玛法道尊 0 0 0 0 0 0 0 0 0 0 0 0 100 0 0 0 0 0 0 0 0 0
沉默战尊 0 0 0 0 0 0 0 0 100 0 0 0 0 0 0 0 0 0 0 0 0 0
沉默魔尊 0 0 0 0 0 0 0 0 0 0 0 0 0 100 0 0 0 0 0 0 0 0
沉默道尊 0 0 0 0 0 0 0 0 0 0 0 0 100 0 0 0 0 0 0 0 0 0
玛法战神[专属] 0 0 0 0 0 0 0 0 100 0 0 0 0 0 0 0 0 0 0 0 0 0
玛法魔尊[专属] 0 0 0 0 0 0 0 0 0 0 0 0 0 100 0 0 0 0 0 0 0 0
玛法道尊[专属] 0 0 0 0 0 0 0 0 0 0 0 0 100 0 0 0 0 0 0 0 0 0
恶魔蜘蛛[专属] 0 0 0 0 0 0 0 0 100 0 0 0 100 100 0 0 0 0 0 0 0 0
卧龙庄主[专属] 0 0 0 0 0 0 0 0 100 0 0 0 100 100 0 0 0 0 0 0 0 0
庄主夫人[专属] 0 0 0 0 0 0 0 0 100 0 0 0 100 100 0 0 0 0 0 0 0 0
卧龙魔王[专属] 0 0 0 0 0 0 0 0 100 0 0 0 100 100 0 0 0 0 0 0 0 0
神兽魔君[专属] 0 0 0 0 0 0 0 0 100 0 0 0 100 100 0 0 0 0 0 0 0 0
焚心炎帝[专属] 0 0 0 0 0 0 0 0 100 0 0 0 100 100 0 0 0 0 0 0 0 0
欲火邪神[专属] 0 0 0 0 0 0 0 0 100 0 0 0 100 100 0 0 0 0 0 0 0 0
魔神 0 0 0 0 0 0 0 0 100 0 0 0 100 100 0 0 0 0 0 0 0 0
恶魔蜘蛛[个副] 0 0 0 0 0 0 0 0 100 0 0 0 100 100 0 0 0 0 0 0 0 0
欲火邪神[个副] 0 0 0 0 0 0 0 0 100 0 0 0 100 100 0 0 0 0 0 0 0 0
卧龙魔王[个副] 0 0 0 0 0 0 0 0 100 0 0 0 100 100 0 0 0 0 0 0 0 0
世界火龙教主 0 0 0 0 0 0 0 0 100 0 0 0 0 0 0 0 0 0 0 0 0 0
后卿[一] 0 0 0 0 0 0 0 0 100 0 0 0 100 0 0 0 0 0 0 0 0 0
后卿[二] 0 0 0 0 0 0 0 0 100 0 0 0 100 0 0 0 0 0 0 0 0 0
后卿[三] 0 0 0 0 0 0 0 0 100 0 0 0 100 0 0 0 0 0 0 0 0 0
后卿[四] 0 0 0 0 0 0 0 0 100 0 0 0 100 0 0 0 0 0 0 0 0 0
后卿[五] 0 0 0 0 0 0 0 0 100 0 0 0 100 0 0 0 0 0 0 0 0 0
旱魃[一] 0 0 0 0 0 0 0 0 100 0 0 0 100 0 0 0 0 0 0 0 0 0
旱魃[二] 0 0 0 0 0 0 0 0 100 0 0 0 100 0 0 0 0 0 0 0 0 0
旱魃[三] 0 0 0 0 0 0 0 0 100 0 0 0 100 0 0 0 0 0 0 0 0 0
旱魃[四] 0 0 0 0 0 0 0 0 100 0 0 0 100 0 0 0 0 0 0 0 0 0
旱魃[五] 0 0 0 0 0 0 0 0 100 0 0 0 100 0 0 0 0 0 0 0 0 0
将臣[一] 0 0 0 0 0 0 0 0 100 0 0 0 100 0 0 0 0 0 0 0 0 0
将臣[二] 0 0 0 0 0 0 0 0 100 0 0 0 100 0 0 0 0 0 0 0 0 0
将臣[三] 0 0 0 0 0 0 0 0 100 0 0 0 100 0 0 0 0 0 0 0 0 0
将臣[四] 0 0 0 0 0 0 0 0 100 0 0 0 100 0 0 0 0 0 0 0 0 0
将臣[五] 0 0 0 0 0 0 0 0 100 0 0 0 100 0 0 0 0 0 0 0 0 0
瀛勾[一] 0 0 0 0 0 0 0 0 100 0 0 0 100 0 0 0 0 0 0 0 0 0
瀛勾[二] 0 0 0 0 0 0 0 0 100 0 0 0 100 0 0 0 0 0 0 0 0 0
瀛勾[三] 0 0 0 0 0 0 0 0 100 0 0 0 100 0 0 0 0 0 0 0 0 0
瀛勾[四] 0 0 0 0 0 0 0 0 100 0 0 0 100 0 0 0 0 0 0 0 0 0
瀛勾[五] 0 0 0 0 0 0 0 0 100 0 0 0 100 0 0 0 0 0 0 0 0 0
罗刹[一] 0 0 0 0 0 0 0 0 100 0 0 0 100 0 0 0 0 0 0 0 0 0
罗刹[二] 0 0 0 0 0 0 0 0 100 0 0 0 100 0 0 0 0 0 0 0 0 0
罗刹[三] 0 0 0 0 0 0 0 0 100 0 0 0 100 0 0 0 0 0 0 0 0 0
罗刹[四] 0 0 0 0 0 0 0 0 100 0 0 0 100 0 0 0 0 0 0 0 0 0
罗刹[五] 0 0 0 0 0 0 0 0 100 0 0 0 100 0 0 0 0 0 0 0 0 0
金刚[一] 0 0 0 0 0 0 0 0 100 0 0 0 100 0 0 0 0 0 0 0 0 0
金刚[二] 0 0 0 0 0 0 0 0 100 0 0 0 100 0 0 0 0 0 0 0 0 0
金刚[三] 0 0 0 0 0 0 0 0 100 0 0 0 100 0 0 0 0 0 0 0 0 0
金刚[四] 0 0 0 0 0 0 0 0 100 0 0 0 100 0 0 0 0 0 0 0 0 0
金刚[五] 0 0 0 0 0 0 0 0 100 0 0 0 100 0 0 0 0 0 0 0 0 0
幽灵[一] 0 0 0 0 0 0 0 0 100 0 0 0 100 0 0 0 0 0 0 0 0 0
幽灵[二] 0 0 0 0 0 0 0 0 100 0 0 0 100 0 0 0 0 0 0 0 0 0
幽灵[三] 0 0 0 0 0 0 0 0 100 0 0 0 100 0 0 0 0 0 0 0 0 0
幽灵[四] 0 0 0 0 0 0 0 0 100 0 0 0 100 0 0 0 0 0 0 0 0 0
幽灵[五] 0 0 0 0 0 0 0 0 100 0 0 0 100 0 0 0 0 0 0 0 0 0
修罗[一] 0 0 0 0 0 0 0 0 100 0 0 0 100 0 0 0 0 0 0 0 0 0
修罗[二] 0 0 0 0 0 0 0 0 100 0 0 0 100 0 0 0 0 0 0 0 0 0
修罗[三] 0 0 0 0 0 0 0 0 100 0 0 0 100 0 0 0 0 0 0 0 0 0
修罗[四] 0 0 0 0 0 0 0 0 100 0 0 0 100 0 0 0 0 0 0 0 0 0
修罗[五] 0 0 0 0 0 0 0 0 100 0 0 0 100 0 0 0 0 0 0 0 0 0
邪神[一] 0 0 0 0 0 0 0 0 100 0 0 0 100 0 0 0 0 0 0 0 0 0
邪神[二] 0 0 0 0 0 0 0 0 100 0 0 0 100 0 0 0 0 0 0 0 0 0
邪神[三] 0 0 0 0 0 0 0 0 100 0 0 0 100 0 0 0 0 0 0 0 0 0
邪神[四] 0 0 0 0 0 0 0 0 100 0 0 0 100 0 0 0 0 0 0 0 0 0
邪神[五] 0 0 0 0 0 0 0 0 100 0 0 0 100 0 0 0 0 0 0 0 0 0
万兽[一] 0 0 0 0 0 0 0 0 100 0 0 0 100 0 0 0 0 0 0 0 0 0
万兽[二] 0 0 0 0 0 0 0 0 100 0 0 0 100 0 0 0 0 0 0 0 0 0
万兽[三] 0 0 0 0 0 0 0 0 100 0 0 0 100 0 0 0 0 0 0 0 0 0
万兽[四] 0 0 0 0 0 0 0 0 100 0 0 0 100 0 0 0 0 0 0 0 0 0
万兽[五] 0 0 0 0 0 0 0 0 100 0 0 0 100 0 0 0 0 0 0 0 0 0
沉默[一] 0 0 0 0 0 0 0 0 100 0 0 0 100 0 0 0 0 0 0 0 0 0
沉默[二] 0 0 0 0 0 0 0 0 100 0 0 0 100 0 0 0 0 0 0 0 0 0
沉默[三] 0 0 0 0 0 0 0 0 100 0 0 0 100 0 0 0 0 0 0 0 0 0
沉默[四] 0 0 0 0 0 0 0 0 100 0 0 0 100 0 0 0 0 0 0 0 0 0
沉默[五] 0 0 0 0 0 0 0 0 100 0 0 0 100 0 0 0 0 0 0 0 0 0