0	随机传送石	1025	10|0	380	1	随机传送|当前地图随机传送|可以使用50次|	1	0	99
0	盟重传送石	1010	10|0	380	1	直接使用回城|使用后直接回城|可以使用50次|	1	0	99
0	超级祝福油	26	3888|3	380	1	武器必加一点幸运|最高加7点幸运|运9发挥最高威力|	1	0	99
0	祝福罐	1174	500|0	380	1	提升武器幸运|内藏50颗祝福油|双击1次释放1瓶祝福油|	1	0	99
0	聚灵珠(大)	6149	800|0	380	1	升级必备|500万经验！|	1	0	99
0	超级聚灵珠	6149	388|3	380	1	超级聚灵珠|5000万经验！|	1	0	99
0	修复神水	120	100|0	380	1	修理全身装备|瞬间修理全身装备|	1	0	99
0	红名清洗卡	1088	100|0	380	1	直接清洗红名|	1	0	99
0	沃玛号角	261	20000|0	380	1	沃玛号角|沃玛号角|	1	0	99
0	千里传音	1000	1888|3	380	1	全服喊话道具|输入"@传+消息内容"发送|全服置顶消息！|无需佩戴，发送一条扣除|一个物品！|	1	0	99
1	传送戒指	172	5000|3	380	1	传送戒指|传送戒指|	1	0	1
1	隐身戒指	174	5000|3	380	1	隐身戒指|隐身戒指|	1	0	1
1	属性点重置	267	88|4	380	1	属性点重置|属性点重置|	1	0	1
1	副装礼包	1131	50000|3	380	1	购买后可获得一套副|购买后可获得一套副装|	1	0	1
4	500元宝	1120	500|0	380	1	方便交易|方便交易|	1	0	99
4	1000元宝	1120	1000|0	380	1	方便交易|	1	0	99
4	5000元宝	1120	5000|0	380	1	方便交易|	1	0	99
4	10000元宝	1120	10000|0	380	1	方便交易|	1	0	99
4	100000元宝	1120	100000|0	380	1	方便交易|方便交易|	1	0	1
4	500000元宝	1120	500000|0	380	1	方便交易|方便交易|	1	0	1
5	心灵召唤	1144	5000|0	380	1	心灵召唤|心灵召唤|	1	0	99
5	召唤神兽	0	10000|0	380	1	召唤神兽|召唤神兽|	1	0	1
5	苹果	426	88|3	380	1	苹果|苹果|	1	0	99
5	幻境凭证	266	500|0	380	1	幻境凭证|幻境凭证|	1	0	1
5	书页	1140	5|3	380	1	书页|书页|	1	1	99999
