;安全区/复活点
0    289  618 0 10  0  0  0
0    650  631 0 10  0  0  0
0    334  266 0 10  0  0  0
3    330  331 0 10  4  0  0
2    503  483 0 10  0  0  0
4    240  200 0 10  0  0  0
5    141  337 0 10  0  0  0
11   178  326 0 10  0  0  0
6    125  156 0 10  0  0  0
B311 10   10
B312 10   10
D5071a 20  23 0 10 4 0 0
0 333 267 0  10  3  0  0

new_5大陆 45 50 0  8  4  0  0
dtmc    240  200 0 10  0  0  0
擂台	49	34	0	8	0	0	0
擂台	58	34	0	8	0	0	0
擂台	47	61	0	8	0	0	0
擂台	61	48	0	6	0	0	0
擂台	61	57	0	6	0	0	0
擂台	38	42	0	6	0	0	0
擂台	38	55	0	6	0	0	0
擂台	40	35	0	3	0	0	0
