1	基本剑术	0	1	1	0	0
1	攻杀剑术	0	1	1	0	0
1	刺杀剑术	0	1	1	0	0
1	半月弯刀	0	1	1	0	0
1	野蛮冲撞	0	1	1	0	0
1	烈火剑法	0	1	1	0	0
1	火球术	0	1	1	0	0
1	抗拒火环	0	1	1	0	0
1	诱惑之光	0	1	1	0	0
1	地狱火	0	1	1	0	0
1	雷电术	0	1	1	0	0
1	瞬息移动	0	1	1	0	0
1	大火球	0	1	1	0	0
1	爆裂火焰	0	1	1	0	0
1	火墙	0	1	1	0	0
1	疾光电影	0	1	1	0	0
1	地狱雷光	0	1	1	0	0
1	魔法盾	0	1	1	0	0
1	圣言术	0	1	1	0	0
1	冰咆哮	0	1	1	0	0
1	治愈术	0	1	1	0	0
1	精神力战法	0	1	1	0	0
1	施毒术	0	1	1	0	0
1	灵魂火符	0	1	1	0	0
1	召唤骷髅	0	1	1	0	0
1	隐身术	0	1	1	0	0
1	集体隐身术	0	1	1	0	0
1	幽灵盾	0	1	1	0	0
1	神圣战甲术	0	1	1	0	0
1	心灵启示	0	1	1	0	0
1	困魔咒	0	1	1	0	0
1	群体治疗术	0	1	1	0	0
1	召唤神兽	0	1	1	0	0
5	青铜头盔	0	1	1	0	0
5	魔法头盔	0	1	1	0	0
5	道士头盔	0	1	1	0	0
5	骷髅头盔	0	1	1	0	0
5	黑铁头盔	0	1	1	0	0
5	精灵头盔	0	1	1	0	0
5	金项链	0	1	1	0	0
5	传统项链	0	1	1	0	0
5	白金项链	0	1	1	0	0
5	黄色水晶项链	0	1	1	0	0
5	黑檀项链	0	1	1	0	0
5	黑色水晶项链	0	1	1	0	0
5	白色虎齿项链	0	1	1	0	0
5	琥珀项链	0	1	1	0	0
5	魔鬼项链	0	1	1	0	0
5	凤凰明珠	0	1	1	0	0
5	灯笼项链	0	1	1	0	0
5	蓝翡翠项链	0	1	1	0	0
5	竹笛	0	1	1	0	0
5	放大镜	0	1	1	0	0
5	幽灵项链	0	1	1	0	0
5	生命项链	0	1	1	0	0
5	天珠项链	0	1	1	0	0
5	绿色项链	0	1	1	0	0
5	恶魔铃铛	0	1	1	0	0
5	灵魂项链	0	1	1	0	0
5	技巧项链	0	1	1	0	0
5	狂风项链	0	1	1	0	0
5	探测项链	0	1	1	0	0
5	祈福项链	0	1	1	0	0
5	躲避手链	0	1	1	0	0
5	铁手镯	0	1	1	0	0
5	小手镯	0	1	1	0	0
5	银手镯	0	1	1	0	0
5	大手镯	0	1	1	0	0
5	钢手镯	0	1	1	0	0
5	皮制手套	0	1	1	0	0
5	夏普儿手镯	0	1	1	0	0
5	坚固手套	0	1	1	0	0
5	魔法手镯	0	1	1	0	0
5	辟邪手镯	0	1	1	0	0
5	黑檀手镯	0	1	1	0	0
5	道士手镯	0	1	1	0	0
5	死神手套	0	1	1	0	0
5	金手镯	0	1	1	0	0
5	铂金手镯	0	1	1	0	0
5	幽灵手套	0	1	1	0	0
5	思贝儿手镯	0	1	1	0	0
5	心灵手镯	0	1	1	0	0
5	阎罗手套	0	1	1	0	0
5	黑铁手套	0	1	1	0	0
5	骑士手镯	0	1	1	0	0
5	龙之手镯	0	1	1	0	0
5	三眼手镯	0	1	1	0	0
5	古铜戒指	0	1	1	0	0
5	六角戒指	0	1	1	0	0
5	玻璃戒指	0	1	1	0	0
5	牛角戒指	0	1	1	0	0
5	生铁戒指	0	1	1	0	0
5	蓝色水晶戒指	0	1	1	0	0
5	黑色水晶戒指	0	1	1	0	0
5	蛇眼戒指	0	1	1	0	0
5	珍珠戒指	0	1	1	0	0
5	金戒指	0	1	1	0	0
5	骷髅戒指	0	1	1	0	0
5	魅力戒指	0	1	1	0	0
5	道德戒指	0	1	1	0	0
5	降妖除魔戒指	0	1	1	0	0
5	珊瑚戒指	0	1	1	0	0
5	龙之戒指	0	1	1	0	0
5	红宝石戒指	0	1	1	0	0
5	铂金戒指	0	1	1	0	0
5	力量戒指	0	1	1	0	0
5	紫碧螺	0	1	1	0	0
5	泰坦戒指	0	1	1	0	0
5	狂风戒指	0	1	1	0	0
5	传送戒指	0	1	1	0	0
5	护身戒指	0	1	1	0	0
5	防御戒指	0	1	1	0	0
5	麻痹戒指	0	1	1	0	0
5	活力戒指	0	1	1	0	0
5	火焰戒指	0	1	1	0	0
5	复活戒指	0	1	1	0	0
5	隐身戒指	0	1	1	0	0
5	求婚戒指	0	1	1	0	0
3	布衣(男)	0	1	1	0	0
3	布衣(女)	0	1	1	0	0
3	轻型盔甲(男)	0	1	1	0	0
3	轻型盔甲(女)	0	1	1	0	0
3	中型盔甲(男)	0	1	1	0	0
3	中型盔甲(女)	0	1	1	0	0
3	重盔甲(男)	0	1	1	0	0
3	重盔甲(女)	0	1	1	0	0
3	魔法长袍(男)	0	1	1	0	0
3	魔法长袍(女)	0	1	1	0	0
3	灵魂战衣(男)	0	1	1	0	0
3	灵魂战衣(女)	0	1	1	0	0
3	战神盔甲(男)	0	1	1	0	0
3	战神盔甲(女)	0	1	1	0	0
3	恶魔长袍(男)	0	1	1	0	0
3	恶魔长袍(女)	0	1	1	0	0
3	幽灵战衣(男)	0	1	1	0	0
3	幽灵战衣(女)	0	1	1	0	0
3	钢盔甲(男)	0	1	1	0	0
3	钢盔甲(女)	0	1	1	0	0
3	圣龙魔袍(男)	0	1	1	0	0
3	圣龙魔袍(女)	0	1	1	0	0
3	泰坦战衣(男)	0	1	1	0	0
3	泰坦战衣(女)	0	1	1	0	0
4	木剑	0	1	1	0	0
4	匕首	0	1	1	0	0
4	乌木剑	0	1	1	0	0
4	青铜剑	0	1	1	0	0
4	短剑	0	1	1	0	0
4	铁剑	0	1	1	0	0
4	鹤嘴锄	0	1	1	0	0
4	青铜斧	0	1	1	0	0
4	罗刹	0	1	1	0	0
4	八荒	0	1	1	0	0
4	海魂	0	1	1	0	0
4	半月	0	1	1	0	0
4	凌风	0	1	1	0	0
4	偃月	0	1	1	0	0
4	破魂	0	1	1	0	0
4	降魔	0	1	1	0	0
4	斩马刀	0	1	1	0	0
4	修罗	0	1	1	0	0
4	凝霜	0	1	1	0	0
4	炼狱	0	1	1	0	0
4	魔杖	0	1	1	0	0
4	银蛇	0	1	1	0	0
4	井中月	0	1	1	0	0
4	无极棍	0	1	1	0	0
4	裁决之杖	0	1	1	0	0
4	骨玉权杖	0	1	1	0	0
4	龙纹剑	0	1	1	0	0
4	血饮	0	1	1	0	0
4	屠龙	0	1	1	0	0
4	嗜魂法杖	0	1	1	0	0
4	命运之刃	0	1	1	0	0
4	破馆珍剑	0	1	1	0	0
4	赤血魔剑	0	1	1	0	0
4	霸者之刃	0	1	1	0	0
5	神秘戒指	0	1	1	0	0
5	神秘腰带	0	1	1	0	0
5	神秘头盔	0	1	1	0	0
5	魔血戒指	0	1	1	0	0
5	魔血手镯	0	1	1	0	0
5	魔血项链	0	1	1	0	0
5	虹魔戒指	0	1	1	0	0
5	虹魔手镯	0	1	1	0	0
5	虹魔项链	0	1	1	0	0
5	命运戒指	0	1	1	0	0
5	命运手镯	0	1	1	0	0
5	命运项链	0	1	1	0	0
5	魔力戒指	0	1	1	0	0
5	魔力手镯	0	1	1	0	0
5	魔力项链	0	1	1	0	0
5	记忆头盔	0	1	1	0	0
5	记忆项链	0	1	1	0	0
5	记忆手镯	0	1	1	0	0
5	记忆戒指	0	1	1	0	0
5	祈祷头盔	0	1	1	0	0
4	祈祷之刃	0	1	1	0	0
5	祈祷手镯	0	1	1	0	0
5	祈祷项链	0	1	1	0	0
5	祈祷戒指	0	1	1	0	0
4	龙牙	0	1	1	0	0
4	怒斩	0	1	1	0	0
4	逍遥扇	0	1	1	0	0
5	圣战头盔	0	1	1	0	0
5	圣战项链	0	1	1	0	0
5	圣战手镯	0	1	1	0	0
5	圣战戒指	0	1	1	0	0
5	法神头盔	0	1	1	0	0
5	法神项链	0	1	1	0	0
5	法神手镯	0	1	1	0	0
5	法神戒指	0	1	1	0	0
5	天尊头盔	0	1	1	0	0
5	天尊项链	0	1	1	0	0
5	天尊手镯	0	1	1	0	0
5	天尊戒指	0	1	1	0	0
3	天魔神甲	0	1	1	0	0
3	圣战宝甲	0	1	1	0	0
3	法神披风	0	1	1	0	0
3	霓裳羽衣	0	1	1	0	0
3	天尊道袍	0	1	1	0	0
3	天师长袍	0	1	1	0	0
1	金条	0	1	1	0	0
1	金砖	0	1	1	0	0
1	金盒	0	1	1	0	0
7	蜡烛	0	1	1	0	0
7	火把	0	1	1	0	0
7	火炬	0	1	1	0	0
1	肉	0	1	1	0	0
1	鸡肉	0	1	1	0	0
2	干肉	0	1	1	0	0
1	食人树叶	0	1	1	0	0
1	食人树的果实	0	1	1	0	0
1	毒蜘蛛牙齿	0	1	1	0	0
1	蝎子的尾巴	0	1	1	0	0
1	蛆卵	0	1	1	0	0
1	祝福油	0	1	1	0	0
1	修复油	0	1	1	0	0
1	战神油	0	1	1	0	0
1	回城卷	0	1	1	0	0
1	回城卷包	0	1	1	0	0
1	随机传送卷	0	1	1	0	0
1	地牢逃脱卷	0	1	1	0	0
1	行会回城卷	0	1	1	0	0
1	随机传送卷包	0	1	1	0	0
1	地牢逃脱卷包	0	1	1	0	0
1	行会回城卷包	0	1	1	0	0
2	护身符	0	1	1	0	0
2	护身符(大)	0	1	1	0	0
2	超级护身符	0	1	1	0	0
2	金创药(小量)	0	1	1	0	0
2	魔法药(小量)	0	1	1	0	0
2	金创药(中量)	0	1	1	0	0
2	魔法药(中量)	0	1	1	0	0
2	强效金创药	0	1	1	0	0
2	强效魔法药	0	1	1	0	0
1	金创药(小)包	0	1	1	0	0
1	魔法药(小)包	0	1	1	0	0
1	金创药(中)包	0	1	1	0	0
1	魔法药(中)包	0	1	1	0	0
1	超级金创药	0	1	1	0	0
1	超级魔法药	0	1	1	0	0
2	灰色药粉(少量)	0	1	1	0	0
2	黄色药粉(少量)	0	1	1	0	0
2	灰色药粉(中量)	0	1	1	0	0
2	黄色药粉(中量)	0	1	1	0	0
2	灰色药粉(大量)	0	1	1	0	0
2	黄色药粉(大量)	0	1	1	0	0
2	超级灰色药粉	0	1	1	0	0
2	超级黄色药粉	0	1	1	0	0
2	太阳水	0	1	1	0	0
2	强效太阳水	0	1	1	0	0
2	万年雪霜	0	1	1	0	0
2	疗伤药	0	1	1	0	0
1	强效太阳水包	0	1	1	0	0
1	万年雪霜包	0	1	1	0	0
1	疗伤药包	0	1	1	0	0
1	攻击力药水	0	1	1	0	0
1	魔法力药水	0	1	1	0	0
1	精神力药水	0	1	1	0	0
1	疾风药水	0	1	1	0	0
1	HP强化药水	0	1	1	0	0
1	MP强化药水	0	1	1	0	0
2	鹿血	0	1	1	0	0
2	鹿茸	0	1	1	0	0
1	铜矿	0	1	1	0	0
1	铁矿	0	1	1	0	0
1	银矿	0	1	1	0	0
1	金矿	0	1	1	0	0
1	黑铁矿石	0	1	1	0	0
1	沃玛号角	0	1	1	0	0
1	祖玛头像	0	1	1	0	0
1	山洞凭证	0	1	1	0	0
1	筹码	0	1	1	0	0
1	筹码包	0	1	1	0	0
1	佛牌	0	1	1	0	0
1	骰子	0	1	1	0	0
1	木材	0	1	1	0	0
1	彩票	0	1	1	0	0
2	神水	0	1	1	0	0
1	命运之书	0	1	1	0	0
1	介绍信	0	1	1	0	0
1	薄荷叶	0	1	1	0	0
1	药剂师的信	0	1	1	0	0
2	许中医的药1	0	1	1	0	0
2	许中医的药2	0	1	1	0	0
2	许中医的药3	0	1	1	0	0
1	血剑碎片	0	1	1	0	0
1	特殊药水	0	1	1	0	0
1	水晶	0	1	1	0	0
1	邪恶巨人心脏	0	1	1	0	0
1	赤月恶魔油	0	1	1	0	0
1	苹果	0	1	1	0	0
2	鸡蛋糕	0	1	1	0	0
1	银贝壳	0	1	1	0	0
1	蜘蛛线	0	1	1	0	0
1	幻境凭证	0	1	1	0	0
7	布鞋	0	1	1	0	0
7	兽皮腰带	0	1	1	0	0
1	双倍卷轴	0	1	1	0	0
1	攻击神水	0	1	1	0	0
7	荣誉勋章11号	0	1	1	0	0
7	荣誉勋章12号	0	1	1	0	0
7	荣誉勋章13号	0	1	1	0	0
7	荣誉勋章14号	0	1	1	0	0
7	荣誉勋章15号	0	1	1	0	0
7	荣誉勋章21号	0	1	1	0	0
7	荣誉勋章22号	0	1	1	0	0
7	荣誉勋章23号	0	1	1	0	0
7	荣誉勋章24号	0	1	1	0	0
7	荣誉勋章25号	0	1	1	0	0
7	荣誉勋章31号	0	1	1	0	0
7	荣誉勋章32号	0	1	1	0	0
7	荣誉勋章33号	0	1	1	0	0
7	荣誉勋章34号	0	1	1	0	0
7	荣誉勋章35号	0	1	1	0	0
7	荣誉勋章41号	0	1	1	0	0
7	荣誉勋章42号	0	1	1	0	0
7	荣誉勋章43号	0	1	1	0	0
7	荣誉勋章44号	0	1	1	0	0
7	荣誉勋章45号	0	1	1	0	0
7	荣誉勋章51号	0	1	1	0	0
7	荣誉勋章52号	0	1	1	0	0
7	荣誉勋章53号	0	1	1	0	0
7	荣誉勋章54号	0	1	1	0	0
7	荣誉勋章55号	0	1	1	0	0
1	魔血石	0	1	1	0	0
1	金币	0	1	1	0	0
7	鹿皮靴	0	1	1	0	0
7	紫绸靴	0	1	1	0	0
7	避魂靴	0	1	1	0	0
7	铁腰带	0	1	1	0	0
7	青铜腰带	0	1	1	0	0
7	钢铁腰带	0	1	1	0	0
3	雷霆战甲(男)	0	1	1	0	0
3	雷霆战甲(女)	0	1	1	0	0
5	雷霆项链	0	1	1	0	0
5	雷霆护腕	0	1	1	0	0
5	雷霆战戒	0	1	1	0	0
7	雷霆腰带	0	1	1	0	0
7	雷霆战靴	0	1	1	0	0
3	烈焰魔衣(男)	0	1	1	0	0
3	烈焰魔衣(女)	0	1	1	0	0
5	烈焰项链	0	1	1	0	0
5	烈焰护腕	0	1	1	0	0
5	烈焰魔戒	0	1	1	0	0
7	烈焰腰带	0	1	1	0	0
7	烈焰魔靴	0	1	1	0	0
3	光芒道袍(男)	0	1	1	0	0
3	光芒道袍(女)	0	1	1	0	0
5	光芒项链	0	1	1	0	0
5	光芒护腕	0	1	1	0	0
5	光芒道戒	0	1	1	0	0
7	光芒腰带	0	1	1	0	0
7	光芒道靴	0	1	1	0	0
4	开天	0	1	1	0	0
4	镇天	0	1	1	0	0
4	玄天	0	1	1	0	0
3	凤天魔甲	0	1	1	0	0
3	凰天魔衣	0	1	1	0	0
5	战神项链	0	1	1	0	0
5	战神手镯	0	1	1	0	0
5	战神戒指	0	1	1	0	0
5	圣魔项链	0	1	1	0	0
5	圣魔手镯	0	1	1	0	0
5	圣魔戒指	0	1	1	0	0
5	真魂项链	0	1	1	0	0
5	真魂手镯	0	1	1	0	0
5	真魂戒指	0	1	1	0	0
7	圣战纹章	0	1	1	0	0
7	法神纹章	0	1	1	0	0
7	天尊纹章	0	1	1	0	0
7	银星勋章(战)	0	1	1	0	0
7	银星勋章(法)	0	1	1	0	0
7	银星勋章(道)	0	1	1	0	0
1	狮子吼	0	1	1	0	0
1	寒冰掌	0	1	1	0	0
1	灭天火	0	1	1	0	0
1	气功波	0	1	1	0	0
1	无极真气	0	1	1	0	0
5	圣龙盔	0	1	1	0	0
5	魔龙盔	0	1	1	0	0
5	天龙盔	0	1	1	0	0
4	龙骨刀	0	1	1	0	0
3	龙骨甲(男)	0	1	1	0	0
3	龙骨甲(女)	0	1	1	0	0
5	混世手镯	0	1	1	0	0
5	混世戒指	0	1	1	0	0
5	太极手镯	0	1	1	0	0
5	太极戒指	0	1	1	0	0
5	狂战手镯	0	1	1	0	0
5	狂战戒指	0	1	1	0	0
7	传说魔靴(战)	0	1	1	0	0
7	传说魔靴(法)	0	1	1	0	0
7	传说魔靴(道)	0	1	1	0	0
5	预言头盔(战)	0	1	1	0	0
5	预言头盔(法)	0	1	1	0	0
5	预言头盔(道)	0	1	1	0	0
7	誓言腰带(战)	0	1	1	0	0
7	誓言腰带(法)	0	1	1	0	0
7	誓言腰带(道)	0	1	1	0	0
7	星王战靴	0	1	1	0	0
7	星王法靴	0	1	1	0	0
7	星王道靴	0	1	1	0	0
5	星王项链(战)	0	1	1	0	0
5	星王护腕(战)	0	1	1	0	0
5	星王战戒	0	1	1	0	0
5	星王项链(法)	0	1	1	0	0
5	星王护腕(法)	0	1	1	0	0
5	星王魔戒	0	1	1	0	0
5	星王项链(道)	0	1	1	0	0
5	星王道戒	0	1	1	0	0
5	星王护腕(道)	0	1	1	0	0
5	王者战盔	0	1	1	0	0
5	王者法冠	0	1	1	0	0
5	王者道盔	0	1	1	0	0
1	王者斗笠(战)	0	1	1	0	0
1	王者斗笠(法)	0	1	1	0	0
1	王者斗笠(道)	0	1	1	0	0
5	王者项链(战)	0	1	1	0	0
5	王者项链(法)	0	1	1	0	0
5	王者项链(道)	0	1	1	0	0
5	王者战戒	0	1	1	0	0
5	王者魔戒	0	1	1	0	0
5	王者道戒	0	1	1	0	0
5	王者护腕(战)	0	1	1	0	0
5	王者护腕(法)	0	1	1	0	0
5	王者护腕(道)	0	1	1	0	0
5	炎龙战盔	0	1	1	0	0
5	雷龙魔盔	0	1	1	0	0
5	青龙道盔	0	1	1	0	0
5	炎龙项链	0	1	1	0	0
5	雷龙项链	0	1	1	0	0
5	青龙项链	0	1	1	0	0
5	炎龙护腕	0	1	1	0	0
5	雷龙护腕	0	1	1	0	0
5	青龙护腕	0	1	1	0	0
5	炎龙战戒	0	1	1	0	0
5	雷龙魔戒	0	1	1	0	0
5	青龙道戒	0	1	1	0	0
7	炎龙腰带	0	1	1	0	0
7	雷龙腰带	0	1	1	0	0
7	青龙腰带	0	1	1	0	0
7	金牛道靴	0	1	1	0	0
5	金牛项链(战)	0	1	1	0	0
5	金牛项链(法)	0	1	1	0	0
5	金牛项链(道)	0	1	1	0	0
5	金牛护腕(战)	0	1	1	0	0
5	金牛护腕(法)	0	1	1	0	0
5	金牛护腕(道)	0	1	1	0	0
5	金牛战戒	0	1	1	0	0
5	金牛魔戒	0	1	1	0	0
5	金牛道戒	0	1	1	0	0
7	荣耀勋章(战)	0	1	1	0	0
7	金牛勋章(战)	0	1	1	0	0
7	金牛勋章(法)	0	1	1	0	0
7	金牛勋章(道)	0	1	1	0	0
7	荣耀勋章(法)	0	1	1	0	0
4	王者之刃	0	1	1	0	0
4	王者之杖	0	1	1	0	0
4	王者之剑	0	1	1	0	0
4	黄金裁决	0	1	1	0	0
4	紫金嗜魂法杖	0	1	1	0	0
4	赤金逍遥扇	0	1	1	0	0
3	聚魔法衣(男)	0	1	1	0	0
3	聚魔法衣(女)	0	1	1	0	0
3	暗咒道袍(男)	0	1	1	0	0
3	暗咒道袍(女)	0	1	1	0	0
3	虎啸战甲(男)	0	1	1	0	0
3	虎啸战甲(女)	0	1	1	0	0
3	星王战甲(男)	0	1	1	0	0
3	星王战甲(女)	0	1	1	0	0
3	星王魔衣(男)	0	1	1	0	0
3	城主战袍(男)	0	1	1	0	0
3	城主战袍(女)	0	1	1	0	0
1	十倍经验神丹	0	1	1	0	0
1	冰霜群雨	0	1	1	0	0
1	新群体施毒术	0	1	1	0	0
1	避寒神丹	0	1	1	0	0
1	火龙凭证	0	1	1	0	0
1	五万经验白酒	0	1	1	0	0
1	十万经验白酒	0	1	1	0	0
1	二十万经验白酒	0	1	1	0	0
1	冰核	0	1	1	0	0
1	魔血石(小)	0	1	1	0	0
1	魔血石(中)	0	1	1	0	0
1	魔血石(大)	0	1	1	0	0
5	龙骨链	0	1	1	0	0
5	龙骨镯	0	1	1	0	0
5	龙骨戒	0	1	1	0	0
5	龙骨盔	0	1	1	0	0
1	龙鳞	0	1	1	0	0
1	无字天书	0	1	1	0	0
2	修复神水	0	1	1	0	0
1	双倍经验神丹	0	1	1	0	0
1	三倍经验神丹	0	1	1	0	0
1	五倍经验神丹	0	1	1	0	0
1	------新增装备	0	1	1	0	0
5	寂静之手(战)	0	1	1	0	0
5	寂静之手(法)	0	1	1	0	0
5	寂静之手(道)	0	1	1	0	0
7	圣殿腰带(战)	0	1	1	0	0
7	圣殿腰带(法)	0	1	1	0	0
7	圣殿腰带(道)	0	1	1	0	0
7	圣殿战靴	0	1	1	0	0
7	圣殿魔靴	0	1	1	0	0
7	圣殿道靴	0	1	1	0	0
5	黑铁头盔(封印)	0	1	1	0	0
5	黑铁头盔(极品)	0	1	1	0	0
5	黄金头盔	0	1	1	0	0
5	星王战盔	0	1	1	0	0
5	星王法冠	0	1	1	0	0
5	星王道盔	0	1	1	0	0
7	星王腰带(战)	0	1	1	0	0
7	星王腰带(法)	0	1	1	0	0
7	星王腰带(道)	0	1	1	0	0
7	王者腰带(战)	0	1	1	0	0
7	王者腰带(法)	0	1	1	0	0
7	王者腰带(道)	0	1	1	0	0
7	王者战靴	0	1	1	0	0
7	王者法靴	0	1	1	0	0
7	王者道靴	0	1	1	0	0
7	王者勋章(战)	0	1	1	0	0
7	王者勋章(法)	0	1	1	0	0
7	王者勋章(道)	0	1	1	0	0
7	勇者勋章(战)	0	1	1	0	0
7	勇者勋章(法)	0	1	1	0	0
7	勇者勋章(道)	0	1	1	0	0
5	祝福项链(战)	0	1	1	0	0
5	祝福项链(法)	0	1	1	0	0
5	祝福项链(道)	0	1	1	0	0
7	炎龙战靴	0	1	1	0	0
7	雷龙魔靴	0	1	1	0	0
7	青龙道靴	0	1	1	0	0
1	火龙斗笠(战)	0	1	1	0	0
1	火龙斗笠(法)	0	1	1	0	0
1	火龙斗笠(道)	0	1	1	0	0
7	金牛勋章	0	1	1	0	0
5	金牛战盔	0	1	1	0	0
5	金牛魔盔	0	1	1	0	0
5	金牛道盔	0	1	1	0	0
7	金牛腰带(战)	0	1	1	0	0
7	金牛腰带(法)	0	1	1	0	0
7	金牛腰带(道)	0	1	1	0	0
7	金牛战靴	0	1	1	0	0
7	金牛魔靴	0	1	1	0	0
7	荣耀勋章(道)	0	1	1	0	0
5	镇龙盔	0	1	1	0	0
5	镇魔盔	0	1	1	0	0
5	镇魂盔	0	1	1	0	0
4	星王圣剑	0	1	1	0	0
4	星王魔剑	0	1	1	0	0
4	星王道剑	0	1	1	0	0
4	炎龙刃	0	1	1	0	0
4	雷龙杖	0	1	1	0	0
4	青龙刺	0	1	1	0	0
4	龙炎之刃	0	1	1	0	0
4	热血之刃	0	1	1	0	0
4	金牛战斧	0	1	1	0	0
4	金牛魔杖	0	1	1	0	0
4	金牛道剑	0	1	1	0	0
3	星王魔衣(女)	0	1	1	0	0
3	星王道袍(男)	0	1	1	0	0
3	星王道袍(女)	0	1	1	0	0
3	金牛战甲(男)	0	1	1	0	0
3	金牛战甲(女)	0	1	1	0	0
3	金牛魔衣(男)	0	1	1	0	0
3	金牛魔衣(女)	0	1	1	0	0
3	金牛道袍(男)	0	1	1	0	0
3	金牛道袍(女)	0	1	1	0	0
3	王者圣衣(男)	0	1	1	0	0
3	王者圣衣(女)	0	1	1	0	0
3	王者魔衣(男)	0	1	1	0	0
3	王者魔衣(女)	0	1	1	0	0
3	王者道袍(男)	0	1	1	0	0
3	王者道袍(女)	0	1	1	0	0
3	主宰神甲(男)	0	1	1	0	0
3	主宰神甲(女)	0	1	1	0	0
4	主宰神剑	0	1	1	0	0
5	主宰项链	0	1	1	0	0
5	主宰护腕	0	1	1	0	0
5	主宰之戒	0	1	1	0	0
5	主宰之冠	0	1	1	0	0
7	主宰腰带	0	1	1	0	0
7	主宰之靴	0	1	1	0	0
1	主宰面巾	0	1	1	0	0
7	主宰勋章	0	1	1	0	0
3	极品主宰甲(男)	0	1	1	0	0
3	极品主宰甲(女)	0	1	1	0	0
4	极品主宰神剑	0	1	1	0	0
5	极品主宰项链	0	1	1	0	0
5	极品主宰护腕	0	1	1	0	0
5	极品主宰之戒	0	1	1	0	0
5	极品主宰之冠	0	1	1	0	0
7	极品主宰腰带	0	1	1	0	0
7	极品主宰之靴	0	1	1	0	0
1	极品主宰面巾	0	1	1	0	0
7	极品主宰勋章	0	1	1	0	0
3	传奇神甲(男)	0	1	1	0	0
3	传奇神甲(女)	0	1	1	0	0
4	传奇战刃	0	1	1	0	0
4	传奇魔刃	0	1	1	0	0
4	传奇道刃	0	1	1	0	0
4	传奇神剑	0	1	1	0	0
5	传奇之戒	0	1	1	0	0
5	传奇护腕	0	1	1	0	0
7	极品传奇勋章	0	1	1	0	0
1	极品传奇面巾	0	1	1	0	0
3	顶级传奇甲(男)	0	1	1	0	0
3	顶级传奇甲(女)	0	1	1	0	0
4	顶级传奇神剑	0	1	1	0	0
5	顶级传奇之戒	0	1	1	0	0
5	顶级传奇护腕	0	1	1	0	0
5	顶级传奇之冠	0	1	1	0	0
5	顶级传奇项链	0	1	1	0	0
7	顶级传奇腰带	0	1	1	0	0
7	顶级传奇之靴	0	1	1	0	0
7	顶级传奇勋章	0	1	1	0	0
1	顶级传奇面巾	0	1	1	0	0
5	强化复活戒指	0	1	1	0	0
5	强化护身戒指	0	1	1	0	0
1	真视卷轴	0	1	1	0	0
1	真视秘籍	0	1	1	0	0
1	初级攻击宝石	0	1	1	0	0
1	中级攻击宝石	0	1	1	0	0
1	高级攻击宝石	0	1	1	0	0
1	初级魔法宝石	0	1	1	0	0
1	中级魔法宝石	0	1	1	0	0
1	高级魔法宝石	0	1	1	0	0
1	初级精神力宝石	0	1	1	0	0
1	中级精神力宝石	0	1	1	0	0
1	高级精神力宝石	0	1	1	0	0
1	顶级宝石	0	1	1	0	0
1	初级运气宝石	0	1	1	0	0
1	中级运气宝石	0	1	1	0	0
1	高级运气宝石	0	1	1	0	0
5	传奇之冠	0	1	1	0	0
5	传奇项链	0	1	1	0	0
7	传奇腰带	0	1	1	0	0
7	传奇之靴	0	1	1	0	0
7	传奇勋章	0	1	1	0	0
1	传奇面巾	0	1	1	0	0
3	极品传奇甲(男)	0	1	1	0	0
3	极品传奇甲(女)	0	1	1	0	0
4	极品传奇神剑	0	1	1	0	0
5	极品传奇之戒	0	1	1	0	0
5	极品传奇护腕	0	1	1	0	0
5	极品传奇之冠	0	1	1	0	0
5	极品传奇项链	0	1	1	0	0
7	极品传奇腰带	0	1	1	0	0
7	极品传奇之靴	0	1	1	0	0
5	强化麻痹戒指	0	1	1	0	0
1	一百万经验酱香	0	1	1	0	0
1	五百万经验精酿	0	1	1	0	0
1	一千万经验杜康	0	1	1	0	0
2	随机传送石	0	1	1	0	0
1	飓风破	0	1	1	0	0
1	新武力盾	0	1	1	0	0
1	十步一杀	0	1	1	0	0
1	登徒子	0	1	1	0	0
1	气血石	0	1	1	0	0
1	幻魔石	0	1	1	0	0
1	祝福罐	0	1	1	0	0
1	先驱者遗骸	0	1	1	0	0
1	初级防御宝石	0	1	1	0	0
1	初级魔御宝石	0	1	1	0	0
1	中级防御宝石	0	1	1	0	0
1	中级魔御宝石	0	1	1	0	0
1	高级防御宝石	0	1	1	0	0
1	高级魔御宝石	0	1	1	0	0
1	登龙剑	0	1	1	0	0
1	焰魂龙纹	0	1	1	0	0
1	粉墨登场	0	1	1	0	0
1	旋风斩	0	1	1	0	0
1	登峰造极	0	1	1	0	0
1	召唤圣兽	0	1	1	0	0
2	传送符	0	1	1	0	0
1	千里传音(小)	0	1	1	0	0
1	心灵召唤	0	1	1	0	0
1	老登狐月礼盒	0	1	1	0	0
1	拜登	0	1	1	0	0
1	火龙召唤令	0	1	1	0	0
1	老登国庆礼品盒	0	1	1	0	0
1	捷足先登	0	1	1	0	0
1	装备转移宝盒	0	1	1	0	0
1	狐火	0	1	1	0	0
7	小红马[一品]	0	1	1	0	0
7	黑鬃马[二品]	0	1	1	0	0
7	赤兔马[三品]	0	1	1	0	0
7	赤兔马双人[三品]	0	1	1	0	0
7	汗血马[四品]	0	1	1	0	0
7	汗血马双人[四品]	0	1	1	0	0
7	白龙马[五品]	0	1	1	0	0
7	迎亲马[六品]	0	1	1	0	0
7	黄金战马[七品]	0	1	1	0	0
7	卓越战马[八品]	0	1	1	0	0
7	御狐灵兽[极品]	0	1	1	0	0
1	铁卫盾	0	1	1	0	0
1	钢护盾	0	1	1	0	0
1	银辉盾	0	1	1	0	0
1	金璇盾	0	1	1	0	0
1	龙纹盾	0	1	1	0	0
5	皓月之冠	0	1	1	0	0
7	皓月腰带	0	1	1	0	0
7	皓月之靴	0	1	1	0	0
5	皓月项链	0	1	1	0	0
5	皓月护腕	0	1	1	0	0
5	皓月之戒	0	1	1	0	0
1	皓月面巾	0	1	1	0	0
1	皓月斗笠	0	1	1	0	0
7	皓月勋章	0	1	1	0	0
3	皓月神甲(男)	0	1	1	0	0
3	皓月神甲(女)	0	1	1	0	0
4	皓月神剑	0	1	1	0	0
4	皓月宝扇	0	1	1	0	0
4	皓月魔杖	0	1	1	0	0
4	皓月战刃	0	1	1	0	0
4	皓月羽扇	0	1	1	0	0
4	皓月权杖	0	1	1	0	0
4	皓天战刃	0	1	1	0	0
4	皓天权杖	0	1	1	0	0
4	皓天宝扇	0	1	1	0	0
3	皓天战甲(男)	0	1	1	0	0
3	皓天战甲(女)	0	1	1	0	0
3	皓天魔衣(男)	0	1	1	0	0
3	皓天魔衣(女)	0	1	1	0	0
3	皓天道袍(男)	0	1	1	0	0
3	皓天道袍(女)	0	1	1	0	0
1	皓天斗笠(战)	0	1	1	0	0
1	皓天斗笠(法)	0	1	1	0	0
1	皓天斗笠(道)	0	1	1	0	0
1	皓天面巾(战)	0	1	1	0	0
1	皓天面巾(法)	0	1	1	0	0
1	皓天面巾(道)	0	1	1	0	0
5	皓天项链(战)	0	1	1	0	0
5	皓天项链(法)	0	1	1	0	0
5	皓天项链(道)	0	1	1	0	0
5	皓天战盔	0	1	1	0	0
5	皓天法冠	0	1	1	0	0
5	皓天道盔	0	1	1	0	0
7	皓天战勋	0	1	1	0	0
7	皓天法勋	0	1	1	0	0
7	皓天道勋	0	1	1	0	0
5	皓天护腕(战)	0	1	1	0	0
5	皓天护腕(法)	0	1	1	0	0
5	皓天护腕(道)	0	1	1	0	0
5	皓天战戒	0	1	1	0	0
5	皓天魔戒	0	1	1	0	0
5	皓天道戒	0	1	1	0	0
7	皓天腰带(战)	0	1	1	0	0
7	皓天腰带(法)	0	1	1	0	0
7	皓天腰带(道)	0	1	1	0	0
7	皓天战靴	0	1	1	0	0
7	皓天魔靴	0	1	1	0	0
7	皓天道靴	0	1	1	0	0
4	皓宇战刃	0	1	1	0	0
4	皓宇权杖	0	1	1	0	0
4	皓宇宝扇	0	1	1	0	0
3	皓宇战甲(男)	0	1	1	0	0
3	皓宇战甲(女)	0	1	1	0	0
3	皓宇魔衣(男)	0	1	1	0	0
3	皓宇魔衣(女)	0	1	1	0	0
3	皓宇道袍(男)	0	1	1	0	0
3	皓宇道袍(女)	0	1	1	0	0
1	皓宇斗笠(战)	0	1	1	0	0
1	皓宇斗笠(法)	0	1	1	0	0
1	皓宇斗笠(道)	0	1	1	0	0
1	皓宇面巾(战)	0	1	1	0	0
1	皓宇面巾(法)	0	1	1	0	0
1	皓宇面巾(道)	0	1	1	0	0
5	皓宇项链(战)	0	1	1	0	0
5	皓宇项链(法)	0	1	1	0	0
5	皓宇项链(道)	0	1	1	0	0
5	皓宇战盔	0	1	1	0	0
5	皓宇法冠	0	1	1	0	0
5	皓宇道盔	0	1	1	0	0
7	皓宇战勋	0	1	1	0	0
7	皓宇法勋	0	1	1	0	0
7	皓宇道勋	0	1	1	0	0
5	皓宇护腕(战)	0	1	1	0	0
5	皓宇护腕(法)	0	1	1	0	0
5	皓宇护腕(道)	0	1	1	0	0
5	皓宇战戒	0	1	1	0	0
5	皓宇魔戒	0	1	1	0	0
5	皓宇道戒	0	1	1	0	0
7	皓宇腰带(战)	0	1	1	0	0
7	皓宇腰带(法)	0	1	1	0	0
7	皓宇腰带(道)	0	1	1	0	0
7	皓宇战靴	0	1	1	0	0
7	皓宇魔靴	0	1	1	0	0
7	皓宇道靴	0	1	1	0	0
4	皓尊战刃	0	1	1	0	0
4	皓尊权杖	0	1	1	0	0
4	皓尊宝扇	0	1	1	0	0
3	皓尊战甲(男)	0	1	1	0	0
3	皓尊战甲(女)	0	1	1	0	0
3	皓尊魔衣(男)	0	1	1	0	0
3	皓尊魔衣(女)	0	1	1	0	0
3	皓尊道袍(男)	0	1	1	0	0
3	皓尊道袍(女)	0	1	1	0	0
1	皓尊斗笠(战)	0	1	1	0	0
1	皓尊斗笠(法)	0	1	1	0	0
1	皓尊斗笠(道)	0	1	1	0	0
1	皓尊面巾(战)	0	1	1	0	0
1	皓尊面巾(法)	0	1	1	0	0
1	皓尊面巾(道)	0	1	1	0	0
5	皓尊项链(战)	0	1	1	0	0
5	皓尊项链(法)	0	1	1	0	0
5	皓尊项链(道)	0	1	1	0	0
5	皓尊战盔	0	1	1	0	0
5	皓尊法冠	0	1	1	0	0
5	皓尊道盔	0	1	1	0	0
7	皓尊战勋	0	1	1	0	0
7	皓尊法勋	0	1	1	0	0
7	皓尊道勋	0	1	1	0	0
5	皓尊护腕(战)	0	1	1	0	0
5	皓尊护腕(法)	0	1	1	0	0
5	皓尊护腕(道)	0	1	1	0	0
5	皓尊战戒	0	1	1	0	0
5	皓尊魔戒	0	1	1	0	0
5	皓尊道戒	0	1	1	0	0
7	皓尊腰带(战)	0	1	1	0	0
7	皓尊腰带(法)	0	1	1	0	0
7	皓尊腰带(道)	0	1	1	0	0
7	皓尊战靴	0	1	1	0	0
7	皓尊魔靴	0	1	1	0	0
7	皓尊道靴	0	1	1	0	0
1	皓月晶石	0	1	1	0	0
1	顶级运气宝石	0	1	1	0	0
1	替死鬼符	0	1	1	0	0
1	破魂斩	0	1	1	0	0
1	劈星斩	0	1	1	0	0
1	雷霆一击	0	1	1	0	0
1	噬魂沼泽	0	1	1	0	0
1	末日审判	0	1	1	0	0
1	火龙气焰	0	1	1	0	0
2	火龙之心	0	1	1	0	0
1	开天斩	0	1	1	0	0
1	分身术	0	1	1	0	0
1	召唤月灵	0	1	1	0	0
1	护体神盾	0	1	1	0	0
1	逐日剑法	0	1	1	0	0
1	流星火雨	0	1	1	0	0
1	噬血术	0	1	1	0	0
5	奔雷项链	0	1	1	0	0
5	奔雷护腕	0	1	1	0	0
5	奔雷战戒	0	1	1	0	0
5	怒焰项链	0	1	1	0	0
5	怒焰护腕	0	1	1	0	0
5	怒焰魔戒	0	1	1	0	0
5	极光项链	0	1	1	0	0
5	极光护腕	0	1	1	0	0
5	极光道戒	0	1	1	0	0
5	唤魔项链(封印)	0	1	1	0	0
5	唤魔手镯(封印)	0	1	1	0	0
5	唤魔戒指(封印)	0	1	1	0	0
5	唤魔项链(灰暗)	0	1	1	0	0
5	唤魔手镯(灰暗)	0	1	1	0	0
5	唤魔戒指(灰暗)	0	1	1	0	0
5	唤魔项链(流光)	0	1	1	0	0
5	唤魔手镯(流光)	0	1	1	0	0
5	唤魔戒指(流光)	0	1	1	0	0
5	唤魔项链(敏锐)	0	1	1	0	0
5	唤魔手镯(敏锐)	0	1	1	0	0
5	唤魔戒指(敏锐)	0	1	1	0	0
5	唤魔项链(天作)	0	1	1	0	0
5	唤魔手镯(天作)	0	1	1	0	0
5	唤魔戒指(天作)	0	1	1	0	0
5	唤魔项链(神雀)	0	1	1	0	0
5	唤魔手镯(神雀)	0	1	1	0	0
5	唤魔戒指(神雀)	0	1	1	0	0
5	雷泽项链(封印)	0	1	1	0	0
5	雷泽手镯(封印)	0	1	1	0	0
5	雷泽戒指(封印)	0	1	1	0	0
5	雷泽项链(坚硬)	0	1	1	0	0
5	雷泽手镯(坚硬)	0	1	1	0	0
5	雷泽戒指(坚硬)	0	1	1	0	0
5	雷泽项链(精纯)	0	1	1	0	0
5	雷泽手镯(精纯)	0	1	1	0	0
5	雷泽戒指(精纯)	0	1	1	0	0
5	雷泽项链(霸气)	0	1	1	0	0
5	雷泽手镯(霸气)	0	1	1	0	0
5	雷泽戒指(霸气)	0	1	1	0	0
5	雷泽项链(神力)	0	1	1	0	0
5	雷泽手镯(神力)	0	1	1	0	0
5	雷泽戒指(神力)	0	1	1	0	0
5	雷泽项链(神威)	0	1	1	0	0
5	雷泽手镯(神威)	0	1	1	0	0
5	雷泽戒指(神威)	0	1	1	0	0
5	启源项链(封印)	0	1	1	0	0
5	启源手镯(封印)	0	1	1	0	0
5	启源戒指(封印)	0	1	1	0	0
5	启源项链(暗淡)	0	1	1	0	0
5	启源手镯(暗淡)	0	1	1	0	0
5	启源戒指(暗淡)	0	1	1	0	0
5	启源项链(精良)	0	1	1	0	0
5	启源手镯(精良)	0	1	1	0	0
5	启源戒指(精良)	0	1	1	0	0
5	启源项链(凌厉)	0	1	1	0	0
5	启源手镯(凌厉)	0	1	1	0	0
5	启源戒指(凌厉)	0	1	1	0	0
5	启源项链(闪耀)	0	1	1	0	0
5	启源手镯(闪耀)	0	1	1	0	0
5	启源戒指(闪耀)	0	1	1	0	0
5	启源项链(天赐)	0	1	1	0	0
5	启源手镯(天赐)	0	1	1	0	0
5	启源戒指(天赐)	0	1	1	0	0
5	圣战头盔(封印)	0	1	1	0	0
5	圣战项链(封印)	0	1	1	0	0
5	圣战手镯(封印)	0	1	1	0	0
5	圣战戒指(封印)	0	1	1	0	0
5	法神头盔(封印)	0	1	1	0	0
5	法神项链(封印)	0	1	1	0	0
5	法神手镯(封印)	0	1	1	0	0
5	法神戒指(封印)	0	1	1	0	0
5	天尊头盔(封印)	0	1	1	0	0
5	天尊项链(封印)	0	1	1	0	0
5	天尊手镯(封印)	0	1	1	0	0
5	天尊戒指(封印)	0	1	1	0	0
1	魔龙骨	0	1	1	0	0
1	魔龙牙	0	1	1	0	0
1	魔龙颚骨	0	1	1	0	0
1	雷霆绒丝	0	1	1	0	0
1	烈焰绒丝	0	1	1	0	0
1	光芒绒丝	0	1	1	0	0
5	强化雷霆项链	0	1	1	0	0
5	强化雷霆护腕	0	1	1	0	0
5	强化雷霆战戒	0	1	1	0	0
7	强化雷霆战靴	0	1	1	0	0
7	强化雷霆腰带	0	1	1	0	0
5	强化烈焰项链	0	1	1	0	0
5	强化烈焰护腕	0	1	1	0	0
5	强化烈焰魔戒	0	1	1	0	0
7	强化烈焰魔靴	0	1	1	0	0
7	强化烈焰腰带	0	1	1	0	0
5	强化光芒项链	0	1	1	0	0
5	强化光芒护腕	0	1	1	0	0
5	强化光芒道戒	0	1	1	0	0
7	强化光芒道靴	0	1	1	0	0
7	强化光芒腰带	0	1	1	0	0
3	上古神甲	0	1	1	0	0
3	上古宝甲	0	1	1	0	0
3	上古披风	0	1	1	0	0
3	上古羽衣	0	1	1	0	0
3	上古道袍	0	1	1	0	0
3	上古长袍	0	1	1	0	0
5	狂雷战盔	0	1	1	0	0
5	狂雷项链	0	1	1	0	0
5	狂雷战戒	0	1	1	0	0
5	狂雷护腕	0	1	1	0	0
7	狂雷腰带	0	1	1	0	0
7	狂雷战靴	0	1	1	0	0
5	逆火魔盔	0	1	1	0	0
5	逆火项链	0	1	1	0	0
5	逆火魔戒	0	1	1	0	0
5	逆火护腕	0	1	1	0	0
7	逆火腰带	0	1	1	0	0
7	逆火魔靴	0	1	1	0	0
5	通云道盔	0	1	1	0	0
5	通云项链	0	1	1	0	0
5	通云道戒	0	1	1	0	0
5	通云护腕	0	1	1	0	0
7	通云腰带	0	1	1	0	0
7	通云道靴	0	1	1	0	0
1	狂雷项链(封印)	0	1	1	0	0
1	狂雷战戒(封印)	0	1	1	0	0
1	狂雷护腕(封印)	0	1	1	0	0
1	狂雷腰带(封印)	0	1	1	0	0
1	狂雷战靴(封印)	0	1	1	0	0
1	狂雷战盔(封印)	0	1	1	0	0
1	逆火魔盔(封印)	0	1	1	0	0
1	逆火项链(封印)	0	1	1	0	0
1	逆火魔戒(封印)	0	1	1	0	0
1	逆火护腕(封印)	0	1	1	0	0
1	逆火腰带(封印)	0	1	1	0	0
1	逆火魔靴(封印)	0	1	1	0	0
1	通云道盔(封印)	0	1	1	0	0
1	通云项链(封印)	0	1	1	0	0
1	通云道戒(封印)	0	1	1	0	0
1	通云护腕(封印)	0	1	1	0	0
1	通云腰带(封印)	0	1	1	0	0
1	通云道靴(封印)	0	1	1	0	0
1	雷蛛毒囊	0	1	1	0	0
1	手术刀	0	1	1	0	0
5	探测项链[枯竭]	0	1	1	0	0
2	传送符(大)	0	1	1	0	0
1	老登月卡	0	1	1	0	0
1	英雄基本剑术	0	1	1	0	0
1	英雄攻杀剑术	0	1	1	0	0
1	英雄刺杀剑术	0	1	1	0	0
1	英雄半月弯刀	0	1	1	0	0
1	英雄野蛮冲撞	0	1	1	0	0
1	英雄烈火剑法	0	1	1	0	0
1	英雄狮子吼	0	1	1	0	0
1	英雄开天斩	0	1	1	0	0
1	英雄逐日剑法	0	1	1	0	0
1	英雄双龙斩	0	1	1	0	0
1	英雄火球术	0	1	1	0	0
1	英雄抗拒火环	0	1	1	0	0
1	英雄诱惑之光	0	1	1	0	0
1	英雄地狱火	0	1	1	0	0
1	英雄雷电术	0	1	1	0	0
1	英雄大火球	0	1	1	0	0
1	英雄瞬息移动	0	1	1	0	0
1	英雄爆裂火焰	0	1	1	0	0
1	英雄火墙	0	1	1	0	0
1	英雄疾光电影	0	1	1	0	0
1	英雄地狱雷光	0	1	1	0	0
1	英雄魔法盾	0	1	1	0	0
1	英雄圣言术	0	1	1	0	0
1	英雄冰咆哮	0	1	1	0	0
1	英雄寒冰掌	0	1	1	0	0
1	英雄灭天火	0	1	1	0	0
1	英雄冰霜群雨	0	1	1	0	0
1	英雄分身术	0	1	1	0	0
1	英雄流星火雨	0	1	1	0	0
1	英雄治愈术	0	1	1	0	0
1	英雄精神战法	0	1	1	0	0
1	英雄施毒术	0	1	1	0	0
1	英雄灵魂火符	0	1	1	0	0
1	英雄召唤骷髅	0	1	1	0	0
1	英雄隐身术	0	1	1	0	0
1	英雄集体隐身术	0	1	1	0	0
1	英雄幽灵盾	0	1	1	0	0
1	英雄神圣战甲	0	1	1	0	0
1	英雄心灵启示	0	1	1	0	0
1	英雄困魔咒	0	1	1	0	0
1	英雄气功波	0	1	1	0	0
1	英雄群体治愈术	0	1	1	0	0
1	英雄召唤神兽	0	1	1	0	0
1	英雄无极真气	0	1	1	0	0
1	英雄召唤月灵	0	1	1	0	0
1	英雄噬血术	0	1	1	0	0
1	英雄护体神盾	0	1	1	0	0
1	聚灵珠(小)	0	1	1	0	0
1	聚灵珠(大)	0	1	1	0	0
1	火龙勇士	0	1	1	0	0
1	英雄召唤圣兽	0	1	1	0	0
1	英雄旋风斩	0	1	1	0	0
1	英雄新群体施毒术	0	1	1	0	0
2	修复神水[真]	0	1	1	0	0
4	老登测试剑	0	1	1	0	0
1	雪域魂器残片	0	1	1	0	0
1	狐月引路符	0	1	1	0	0
1	雪域寻魂	0	1	1	0	0
1	火龙余烬	0	1	1	0	0
1	狐月问道	0	1	1	0	0
1	粗坯·拆门板	0	1	1	0	0
1	精制·拆门板	0	1	1	0	0
1	淬火·拆门板	0	1	1	0	0
1	成名·拆门板	0	1	1	0	0
1	压轴·拆门板	0	1	1	0	0
1	封顶·拆门板	0	1	1	0	0
1	粗坯·铁头娃	0	1	1	0	0
1	精制·铁头娃	0	1	1	0	0
1	淬火·铁头娃	0	1	1	0	0
1	成名·铁头娃	0	1	1	0	0
1	压轴·铁头娃	0	1	1	0	0
1	封顶·铁头娃	0	1	1	0	0
1	粗坯·剁馅机	0	1	1	0	0
1	精制·剁馅机	0	1	1	0	0
1	淬火·剁馅机	0	1	1	0	0
1	成名·剁馅机	0	1	1	0	0
1	压轴·剁馅机	0	1	1	0	0
1	封顶·剁馅机	0	1	1	0	0
1	粗坯·电耗子	0	1	1	0	0
1	精制·电耗子	0	1	1	0	0
1	淬火·电耗子	0	1	1	0	0
1	成名·电耗子	0	1	1	0	0
1	压轴·电耗子	0	1	1	0	0
1	封顶·电耗子	0	1	1	0	0
1	粗坯·火葫芦	0	1	1	0	0
1	精制·火葫芦	0	1	1	0	0
1	淬火·火葫芦	0	1	1	0	0
1	成名·火葫芦	0	1	1	0	0
1	压轴·火葫芦	0	1	1	0	0
1	封顶·火葫芦	0	1	1	0	0
1	粗坯·小冰箱	0	1	1	0	0
1	精制·小冰箱	0	1	1	0	0
1	淬火·小冰箱	0	1	1	0	0
1	成名·小冰箱	0	1	1	0	0
1	压轴·小冰箱	0	1	1	0	0
1	封顶·小冰箱	0	1	1	0	0
1	粗坯·养娃人	0	1	1	0	0
1	精制·养娃人	0	1	1	0	0
1	淬火·养娃人	0	1	1	0	0
1	成名·养娃人	0	1	1	0	0
1	压轴·养娃人	0	1	1	0	0
1	封顶·养娃人	0	1	1	0	0
1	粗坯·奶不死	0	1	1	0	0
1	精制·奶不死	0	1	1	0	0
1	淬火·奶不死	0	1	1	0	0
1	成名·奶不死	0	1	1	0	0
1	压轴·奶不死	0	1	1	0	0
1	封顶·奶不死	0	1	1	0	0
1	粗坯·毒嘴子	0	1	1	0	0
1	精制·毒嘴子	0	1	1	0	0
1	淬火·毒嘴子	0	1	1	0	0
1	成名·毒嘴子	0	1	1	0	0
1	压轴·毒嘴子	0	1	1	0	0
1	封顶·毒嘴子	0	1	1	0	0
