1	13	24	-1	2090	2400	0	20	0	1	200	0	200	88	50	0	0	0	0	0	0	0	0	-1	-1	0	0	1	0	0	0	0	0	-1	0	1	200	0	0	0	0	0	
2	13	24	-1	2120	6000	0	10	0	1	200	0	200	59	5	0	0	0	0	0	0	0	0	-1	-1	0	0	1	0	0	0	0	0	-1	0	1	200	0	0	0	0	0	
3	13	24	-1	2150	9600	0	14	0	1	200	0	200	87	43	0	0	0	0	0	0	0	0	-1	-1	0	0	1	0	0	0	0	0	-1	0	1	200	0	0	0	0	0	
4	13	19	-1	2210	0	0	15	0	1	200	0	200	82	41	0	0	0	0	0	1	0	0	-1	-1	0	0	1	0	0	0	0	0	-1	0	1	200	0	0	0	0	0	天马神甲(男)
5	13	19	-1	2230	600	0	15	0	1	200	0	200	82	41	0	0	0	0	0	1	0	0	-1	-1	0	0	1	0	0	0	0	0	-1	0	1	200	0	0	0	0	0	天马神甲(女)
6	13	25	-1	2268	1200	0	14	0	1	200	0	200	80	20	0	0	0	0	0	0	0	0	-1	-1	0	0	1	0	0	0	0	0	-1	0	1	200	0	0	0	0	0	
7	13	25	-1	2304	6000	0	14	0	1	200	0	200	80	50	0	0	0	0	0	0	0	0	-1	-1	0	0	1	0	0	0	0	0	-1	0	1	200	0	0	0	0	0	
8	13	25	-1	2340	3600	0	11	0	1	200	0	200	65	30	0	0	0	0	0	0	0	0	-1	-1	0	0	1	0	0	0	0	0	-1	0	1	200	0	0	0	0	0	
9	13	20	-1	2405	1200	0	14	0	1	200	0	200	87	60	0	0	0	0	0	0	0	0	-1	-1	0	0	1	0	0	0	0	0	-1	0	1	200	0	0	0	0	0	神羊战甲(男)
10	13	20	-1	2432	1200	0	14	0	1	200	0	200	87	65	0	0	0	0	0	0	0	0	-1	-1	0	0	1	0	0	0	0	0	-1	0	1	200	0	0	0	0	0	神羊战甲(女)
11	13	20	-1	2466	6000	0	10	0	1	200	0	200	88	58	0	0	0	0	0	0	0	0	-1	-1	0	0	1	0	0	0	0	0	-1	0	1	200	0	0	0	0	0	神羊法衣(男)
12	13	20	-1	2502	6000	0	10	0	1	200	0	200	88	65	0	0	0	0	0	0	0	0	-1	-1	0	0	1	0	0	0	0	0	-1	0	1	200	0	0	0	0	0	神羊法衣(女)
13	13	20	-1	2538	3600	0	12	0	1	200	0	200	85	60	0	0	0	0	0	0	0	0	-1	-1	0	0	1	0	0	0	0	0	-1	0	1	200	0	0	0	0	0	神羊道袍(男)
14	13	20	-1	2574	3600	0	12	0	1	200	0	200	87	64	0	0	0	0	0	0	0	0	-1	-1	0	0	1	0	0	0	0	0	-1	0	1	200	0	0	0	0	0	神羊道袍(女)
15	13	25	-1	2680	7800	0	12	0	1	200	0	200	80	15	0	0	0	0	0	1	0	0	-1	-1	0	0	1	0	0	0	0	0	-1	0	1	200	0	0	0	0	0	
16	13	25	-1	2710	12600	0	10	0	1	200	0	200	79	5	0	0	0	0	0	1	0	0	-1	-1	0	0	1	0	0	0	0	0	-1	0	1	200	0	0	0	0	0	
17	13	25	-1	2740	10200	0	11	0	1	200	0	200	85	42	0	0	0	0	0	1	0	0	-1	-1	0	0	1	0	0	0	0	0	-1	0	1	200	0	0	0	0	0	
18	13	20	-1	2820	7800	0	14	0	1	200	0	200	85	26	0	0	0	0	0	0	0	0	-1	-1	0	0	1	0	0	0	0	0	-1	0	1	200	0	0	0	0	0	神猴战甲(男)
19	13	20	-1	2860	7800	0	14	0	1	200	0	200	85	26	0	0	0	0	0	0	0	0	-1	-1	0	0	1	0	0	0	0	0	-1	0	1	200	0	0	0	0	0	神猴战甲(女)
20	13	20	-1	2940	9600	0	14	0	1	200	0	200	87	21	0	0	0	0	0	0	0	0	-1	-1	0	0	1	0	0	0	0	0	-1	0	1	200	0	0	0	0	0	神猴法衣(男)
21	13	20	-1	2940	9600	0	14	0	1	200	0	200	87	24	0	0	0	0	0	0	0	0	-1	-1	0	0	1	0	0	0	0	0	-1	0	1	200	0	0	0	0	0	神猴法衣(女)
22	13	20	-1	2980	10200	0	11	0	1	200	0	200	85	34	0	0	0	0	0	0	0	0	-1	-1	0	0	1	0	0	0	0	0	-1	0	1	200	0	0	0	0	0	神猴道袍(男)
23	13	20	-1	3020	10200	0	11	0	1	200	0	200	82	37	0	0	0	0	0	0	0	0	-1	-1	0	0	1	0	0	0	0	0	-1	0	1	200	0	0	0	0	0	神猴道袍(女)
24	13	25	-1	3540	19200	0	12	0	1	200	0	200	24	-32	0	0	0	0	0	0	0	0	-1	-1	0	0	1	0	0	0	0	0	-1	0	1	200	0	0	0	0	0	
25	13	25	-1	3560	20400	0	12	0	1	200	0	200	25	24	0	0	0	0	0	0	0	0	-1	-1	0	0	1	0	0	0	0	0	-1	0	1	200	0	0	0	0	0	
26	13	25	-1	3580	21600	0	12	0	1	200	0	200	41	-14	0	0	0	0	0	0	0	0	-1	-1	0	0	1	0	0	0	0	0	-1	0	1	200	0	0	0	0	0	
27	13	20	-1	3300	19200	0	12	0	1	200	0	200	85	65	0	0	0	0	0	0	0	0	-1	-1	0	0	1	0	0	0	0	0	-1	0	1	200	0	0	0	0	0	神凤战甲(男)
28	13	20	-1	3320	19200	0	12	0	1	200	0	200	97	33	0	0	0	0	0	0	0	0	-1	-1	0	0	1	0	0	0	0	0	-1	0	1	200	0	0	0	0	0	神凤战甲(女)
29	13	20	-1	3340	20400	0	12	0	1	200	0	200	92	53	0	0	0	0	0	0	0	0	-1	-1	0	0	1	0	0	0	0	0	-1	0	1	200	0	0	0	0	0	神凤法衣(男)
30	13	20	-1	3340	20400	0	12	0	1	200	0	200	92	58	0	0	0	0	0	0	0	0	-1	-1	0	0	1	0	0	0	0	0	-1	0	1	200	0	0	0	0	0	神凤法衣(女)
31	13	20	-1	3380	21600	0	12	0	1	200	0	200	85	65	0	0	0	0	0	0	0	0	-1	-1	0	0	1	0	0	0	0	0	-1	0	1	200	0	0	0	0	0	神凤道袍(男)
32	13	20	-1	3400	21600	0	12	0	1	200	0	200	85	70	0	0	0	0	0	0	0	0	-1	-1	0	0	1	0	0	0	0	0	-1	0	1	200	0	0	0	0	0	神凤道袍(女)
33	13	25	-1	3120	14400	0	10	0	1	200	0	200	79	20	0	0	0	0	0	0	0	0	-1	-1	0	0	1	0	0	0	0	0	-1	0	1	200	0	0	0	0	0	
34	13	20	-1	3140	14400	0	10	0	1	200	0	200	75	20	0	0	0	0	0	0	0	0	-1	-1	0	0	1	0	0	0	0	0	-1	0	1	200	0	0	0	0	0	斗战胜佛(男)
35	13	20	-1	3150	14400	0	10	0	1	200	0	200	77	20	0	0	0	0	0	0	0	0	-1	-1	0	0	1	0	0	0	0	0	-1	0	1	200	0	0	0	0	0	斗战胜佛(女)
36	13	25	-1	3920	26400	720	14	0	26	200	0	150	70	15	0	0	18	20	0	0	0	0	-1	-1	0	0	1	0	0	0	0	0	64	61	8	120	-28	-175	0	1	1	
37	13	25	-1	3940	27600	640	10	0	26	200	0	150	62	-20	0	0	18	20	0	0	0	0	-1	-1	0	0	1	0	0	0	0	0	64	61	8	100	-28	-175	0	1	1	
38	13	25	-1	3950	28800	680	14	0	26	120	0	200	73	18	0	0	18	20	0	0	0	0	-1	-1	0	0	1	0	0	0	0	0	64	61	8	120	-28	-175	0	1	1	
39	13	20	-1	3740	26400	0	14	0	1	120	0	200	73	18	0	0	0	0	0	1	0	0	-1	-1	0	0	1	0	0	0	0	0	64	61	8	120	-28	-175	0	1	1	
40	13	20	-1	3760	27000	0	14	0	1	120	0	200	72	23	0	0	0	0	0	1	0	0	-1	-1	0	0	1	0	0	0	0	0	64	61	8	120	-28	-175	0	1	1	
41	13	20	-1	3780	27600	0	10	0	1	120	0	200	76	21	0	0	0	0	0	1	0	0	-1	-1	0	0	1	0	0	0	0	0	64	61	8	120	-28	-175	0	1	1	
42	13	20	-1	3790	28200	0	10	0	1	120	0	200	74	19	0	0	0	0	0	1	0	0	-1	-1	0	0	1	0	0	0	0	0	64	61	8	120	-28	-175	0	1	1	
43	13	20	-1	3800	28800	0	14	0	1	120	0	200	75	23	0	0	0	0	0	1	0	0	-1	-1	0	0	1	0	0	0	0	0	64	61	8	120	-28	-175	0	1	1	
44	13	20	-1	3820	29400	0	14	0	1	120	0	200	77	21	0	0	0	0	0	1	0	0	-1	-1	0	0	1	0	0	0	0	0	64	61	8	120	-28	-175	0	1	1	
45	7	-1	-1	3950	3600	0	9	0	1	120	0	200	0	0	0	0	0	0	0	1	0	0	-1	-1	0	0	1	0	0	0	0	0	64	61	8	120	-28	-175	0	1	1	九天彩凤(男)
46	7	-1	-1	3959	3600	0	9	0	1	120	0	200	0	0	0	0	0	0	0	1	0	0	-1	-1	0	0	1	0	0	0	0	0	64	61	8	120	-28	-175	0	1	1	九天彩凤(女)
47	13	-1	-1	1890	0	0	12	0	1	120	0	200	-102	-193	0	0	0	0	0	1	0	0	-1	-1	0	0	1	0	0	0	0	1	-1	61	8	120	-28	-175	0	1	1	光辉神甲
48	13	-1	-1	3968	0	0	10	0	1	120	0	200	0	0	0	0	0	0	0	1	0	0	-1	-1	0	0	1	0	0	0	0	0	64	61	8	120	-28	-175	0	1	1	神圣天龙(男)
49	13	20	-1	3420	18000	0	12	0	1	120	0	200	100	30	0	0	0	0	0	1	0	0	-1	-1	0	0	1	0	0	0	0	0	64	61	8	120	-28	-175	0	1	1	无用
50	13	-1	-1	1460	3600	0	18	0	1	120	0	200	0	0	0	0	0	0	0	0	0	0	-1	-1	0	0	1	0	0	0	0	0	64	61	8	120	-28	-175	0	1	1	龙腾天下(男)
51	13	25	-1	4110	30000	0	10	0	1	200	0	200	92	16	0	0	0	0	0	0	0	0	-1	-1	0	0	1	0	0	0	0	0	-1	0	1	200	0	0	0	0	0	元帅战斧
52	13	25	-1	4120	31200	0	10	0	1	200	0	200	92	16	0	0	0	0	0	0	0	0	-1	-1	0	0	1	0	0	0	0	0	-1	0	1	200	0	0	0	0	0	元帅法杖
53	13	25	-1	4130	32400	0	14	0	1	200	0	200	92	55	0	0	0	0	0	0	0	0	-1	-1	0	0	1	0	0	0	0	0	-1	0	1	200	0	0	0	0	0	元帅道剑
54	13	-1	-1	2030	32408	0	12	0	1	200	0	200	-67	-158	0	0	0	0	0	0	0	0	-1	-1	0	0	1	0	0	0	0	0	-1	0	1	200	0	0	0	0	0	光华战刃
55	13	-1	-1	2050	32408	0	12	0	1	200	0	200	-68	-158	0	0	0	0	0	0	0	0	-1	-1	0	0	1	0	0	0	0	0	-1	0	1	200	0	0	0	0	0	光辉战刃
56	13	-1	-1	1990	32408	0	12	0	1	200	0	200	-68	-158	0	0	0	0	0	0	0	0	-1	-1	0	0	1	0	0	0	0	0	-1	0	1	200	0	0	0	0	0	光华权杖
57	13	-1	-1	2010	32408	0	12	0	1	200	0	200	-68	-158	0	0	0	0	0	0	0	0	-1	-1	0	0	1	0	0	0	0	0	-1	0	1	200	0	0	0	0	0	光辉权杖
58	13	-1	-1	1910	32408	0	12	0	1	200	0	200	-85	-195	0	0	0	0	0	0	0	0	-1	-1	0	0	1	0	0	0	0	0	-1	0	1	200	0	0	0	0	0	光华宝扇
59	13	-1	-1	1930	32408	0	12	0	1	200	0	200	-82	-195	0	0	0	0	0	0	0	0	-1	-1	0	0	1	0	0	0	0	0	-1	0	1	200	0	0	0	0	0	光辉宝扇
60	13	-1	-1	1370	32408	0	12	0	1	200	0	200	0	5	0	0	0	0	0	0	0	0	-1	-1	0	0	1	0	0	0	0	0	-1	0	1	200	0	0	0	0	0	神蛇战刃
61	13	-1	-1	1410	32408	0	12	0	1	200	0	200	0	10	0	0	0	0	0	0	0	0	-1	-1	0	0	1	0	0	0	0	0	-1	0	1	200	0	0	0	0	0	神蛇宝扇
62	13	-1	-1	2070	32408	0	20	0	1	200	0	200	80	28	0	0	0	0	0	0	0	0	-1	-1	0	0	1	0	0	0	0	0	-1	0	1	200	0	0	0	0	0	灵马战斧
63	13	-1	-1	2110	32408	0	10	0	1	200	0	200	0	0	0	0	0	0	0	0	0	0	-1	-1	0	0	1	0	0	0	0	0	-1	0	1	200	0	0	0	0	0	灵马权杖
64	13	-1	-1	2130	32408	0	11	0	1	200	0	200	80	40	0	0	0	0	0	0	0	0	-1	-1	0	0	1	0	0	0	0	0	-1	0	1	200	0	0	0	0	0	灵马道剑
65	13	25	-1	2250	0	0	14	0	1	200	0	200	83	27	0	0	0	0	0	0	0	0	-1	-1	0	0	1	0	0	0	0	0	-1	0	1	200	0	0	0	0	0	灵羊战刃
66	13	25	-1	2286	4800	0	14	0	1	200	0	200	76	50	0	0	0	0	0	0	0	0	-1	-1	0	0	1	0	0	0	0	0	-1	0	1	200	0	0	0	0	0	灵羊法杖
67	13	25	-1	2322	2400	0	11	0	1	200	0	200	88	58	0	0	0	0	0	0	0	0	-1	-1	0	0	1	0	0	0	0	0	-1	0	1	200	0	0	0	0	0	灵羊道剑
68	13	25	-1	2660	7200	0	14	0	1	200	0	200	82	20	0	0	0	0	0	1	0	0	-1	-1	0	0	1	0	0	0	0	0	-1	0	1	200	0	0	0	0	0	灵猴战刃
69	13	25	-1	2700	12000	0	10	0	1	200	0	200	82	15	0	0	0	0	0	1	0	0	-1	-1	0	0	1	0	0	0	0	0	-1	0	1	200	0	0	0	0	0	灵猴法杖
70	13	25	-1	2720	9600	0	11	0	1	200	0	200	82	40	0	0	0	0	0	1	0	0	-1	-1	0	0	1	0	0	0	0	0	-1	0	1	200	0	0	0	0	0	灵猴道剑
71	13	25	-1	3120	14400	0	10	0	1	200	0	200	76	20	0	0	0	0	0	0	0	0	-1	-1	0	0	1	0	0	0	0	0	-1	0	1	200	0	0	0	0	0	斗战胜佛棒
72	13	25	-1	3460	15600	0	12	0	1	200	0	200	22	-22	0	0	0	0	0	0	0	0	-1	-1	0	0	1	0	0	0	0	0	-1	0	1	200	0	0	0	0	0	灵凤战刃
73	13	25	-1	3480	16800	0	12	0	1	200	0	200	25	30	0	0	0	0	0	0	0	0	-1	-1	0	0	1	0	0	0	0	0	-1	0	1	200	0	0	0	0	0	灵凤法杖
74	13	25	-1	3500	18000	0	12	0	1	200	0	200	38	-5	0	0	0	0	0	0	0	0	-1	-1	0	0	1	0	0	0	0	0	-1	0	1	200	0	0	0	0	0	灵凤道剑
75	13	25	-1	3860	22800	0	14	0	1	200	0	200	73	19	0	0	0	0	0	0	0	0	-1	-1	0	0	1	0	0	0	0	0	-1	0	1	200	0	0	0	0	0	啸月战刃
76	13	25	-1	3880	24000	0	10	0	1	200	0	200	62	-23	0	0	0	0	0	0	0	0	-1	-1	0	0	1	0	0	0	0	0	-1	0	1	200	0	0	0	0	0	啸月法杖
77	13	25	-1	3890	25200	0	14	0	1	200	0	200	73	19	0	0	0	0	0	0	0	0	-1	-1	0	0	1	0	0	0	0	0	-1	0	1	200	0	0	0	0	0	啸月道剑
78	13	25	-1	4290	33600	0	10	0	1	200	0	200	92	15	0	0	0	0	0	0	0	0	-1	-1	0	0	1	0	0	0	0	0	-1	0	1	200	0	0	0	0	0	金亥战斧
79	13	25	-1	4300	34800	0	10	0	1	200	0	200	92	15	0	0	0	0	0	0	0	0	-1	-1	0	0	1	0	0	0	0	0	-1	0	1	200	0	0	0	0	0	金亥法杖
80	13	25	-1	4310	36000	0	14	0	1	200	0	200	92	55	0	0	0	0	0	0	0	0	-1	-1	0	0	1	0	0	0	0	0	-1	0	1	200	0	0	0	0	0	金亥道剑
81	65	66	-1	370	4800	0	14	0	1	200	0	200	70	15	0	0	0	0	0	0	0	0	-1	-1	0	0	1	0	0	0	0	0	-1	0	1	200	0	0	0	0	0	子神战剑
82	65	66	-1	150	0	0	10	0	1	200	0	200	90	13	0	0	0	0	0	0	0	0	-1	-1	0	0	1	0	0	0	0	0	-1	0	1	200	0	0	0	0	0	子神法杖
83	65	66	-1	250	2400	0	14	0	1	200	0	200	70	15	0	0	0	0	0	0	0	0	-1	-1	0	0	1	0	0	0	0	0	-1	0	1	200	0	0	0	0	0	子神道扇
84	65	66	-1	390	6000	0	14	0	1	200	0	200	70	15	0	0	0	0	0	0	0	0	-1	-1	0	0	1	0	0	0	0	0	-1	0	1	200	0	0	0	0	0	天节战剑
85	65	66	-1	160	1200	0	10	0	1	200	0	200	90	13	0	0	0	0	0	0	0	0	-1	-1	0	0	1	0	0	0	0	0	-1	0	1	200	0	0	0	0	0	天节法杖
86	65	66	-1	270	3600	0	14	0	1	200	0	200	70	15	0	0	0	0	0	0	0	0	-1	-1	0	0	1	0	0	0	0	0	-1	0	1	200	0	0	0	0	0	天节道扇
87	65	66	-1	630	10800	0	10	0	1	200	0	200	90	13	0	0	0	0	0	0	0	0	-1	-1	0	0	1	0	0	0	0	0	-1	0	1	200	0	0	0	0	0	神牛战剑
88	65	66	-1	650	13200	0	10	0	1	200	0	200	90	13	0	0	0	0	0	0	0	0	-1	-1	0	0	1	0	0	0	0	0	-1	0	1	200	0	0	0	0	0	神牛法杖
89	65	66	-1	670	15600	0	10	0	1	200	0	200	90	13	0	0	0	0	0	0	0	0	-1	-1	0	0	1	0	0	0	0	0	-1	0	1	200	0	0	0	0	0	神牛道扇
90	65	66	-1	640	12000	0	10	0	1	200	0	200	90	13	0	0	0	0	0	0	0	0	-1	-1	0	0	1	0	0	0	0	0	-1	0	1	200	0	0	0	0	0	奎牛战剑
91	65	66	-1	660	14400	0	10	0	1	200	0	200	90	13	0	0	0	0	0	0	0	0	-1	-1	0	0	1	0	0	0	0	0	-1	0	1	200	0	0	0	0	0	奎牛法杖
92	65	66	-1	680	16800	0	10	0	1	200	0	200	90	13	0	0	0	0	0	0	0	0	-1	-1	0	0	1	0	0	0	0	0	-1	0	1	200	0	0	0	0	0	奎牛道扇
93	65	66	-1	710	18000	0	10	0	1	200	0	200	90	14	0	0	0	0	0	0	0	0	-1	-1	0	0	1	0	0	0	0	0	-1	0	1	200	0	0	0	0	0	冲天
94	65	66	-1	720	19200	0	10	0	1	200	0	200	90	13	0	0	0	0	0	0	0	0	-1	-1	0	0	1	0	0	0	0	0	-1	0	1	200	0	0	0	0	0	冲天之杖
95	65	66	-1	730	20400	0	10	0	1	200	0	200	90	13	0	0	0	0	0	0	0	0	-1	-1	0	0	1	0	0	0	0	0	-1	0	1	200	0	0	0	0	0	冲天扇
96	13	20	-1	3990	30000	0	10	0	1	200	0	200	90	65	0	0	0	0	0	1	0	0	-1	-1	0	0	1	0	0	0	0	0	-1	0	1	200	0	0	0	0	0	元帅战甲(男)
97	13	20	-1	4000	30600	0	10	0	1	200	0	200	86	65	0	0	0	0	0	1	0	0	-1	-1	0	0	1	0	0	0	0	0	-1	0	1	200	0	0	0	0	0	元帅战甲(女)
98	13	20	-1	4010	31200	0	10	0	1	200	0	200	90	65	0	0	0	0	0	1	0	0	-1	-1	0	0	1	0	0	0	0	0	-1	0	1	200	0	0	0	0	0	元帅法衣(男)
99	13	20	-1	4020	31800	0	10	0	1	200	0	200	85	70	0	0	0	0	0	1	0	0	-1	-1	0	0	1	0	0	0	0	0	-1	0	1	200	0	0	0	0	0	元帅法衣(女)
100	13	20	-1	4030	32400	0	14	0	1	200	0	200	90	48	0	0	0	0	0	1	0	0	-1	-1	0	0	1	0	0	0	0	0	-1	0	1	200	0	0	0	0	0	元帅道袍(男)
101	13	20	-1	4050	33000	0	14	0	1	200	0	200	95	50	0	0	0	0	0	1	0	0	-1	-1	0	0	1	0	0	0	0	0	-1	0	1	200	0	0	0	0	0	元帅道袍(女)
102	65	67	-1	490	12000	0	10	0	1	200	0	200	90	10	0	0	0	0	0	1	0	0	-1	-1	0	0	1	0	0	0	0	0	-1	0	1	200	0	0	0	0	0	奎牛战甲(男)
103	65	67	-1	500	12600	0	10	0	1	200	0	200	92	15	0	0	0	0	0	1	0	0	-1	-1	0	0	1	0	0	0	0	0	-1	0	1	200	0	0	0	0	0	奎牛战甲(女)
104	65	67	-1	530	14400	0	10	0	1	200	0	200	76	23	0	0	0	0	0	1	0	0	-1	-1	0	0	1	0	0	0	0	0	-1	0	1	200	0	0	0	0	0	奎牛魔衣(男)
105	65	67	-1	540	15000	0	10	0	1	200	0	200	76	23	0	0	0	0	0	1	0	0	-1	-1	0	0	1	0	0	0	0	0	-1	0	1	200	0	0	0	0	0	奎牛魔衣(女)
106	65	67	-1	570	16800	0	10	0	1	200	0	200	66	32	0	0	0	0	0	1	0	0	-1	-1	0	0	1	0	0	0	0	0	-1	0	1	200	0	0	0	0	0	奎牛道袍(男)
107	65	67	-1	580	17400	0	10	0	1	200	0	200	92	15	0	0	0	0	0	1	0	0	-1	-1	0	0	1	0	0	0	0	0	-1	0	1	200	0	0	0	0	0	奎牛道袍(女)
108	65	67	-1	330	9600	0	14	0	1	200	0	200	75	18	0	0	0	0	0	1	0	0	-1	-1	0	0	1	0	0	0	0	0	-1	0	1	200	0	0	0	0	0	天节战甲(男)
109	65	67	-1	350	10200	0	14	0	1	200	0	200	77	16	0	0	0	0	0	1	0	0	-1	-1	0	0	1	0	0	0	0	0	-1	0	1	200	0	0	0	0	0	天节战甲(女)
110	65	67	-1	130	4800	0	10	0	1	200	0	200	92	61	0	0	0	0	0	1	0	0	-1	-1	0	0	1	0	0	0	0	0	-1	0	1	200	0	0	0	0	0	天节魔衣(男)
111	65	67	-1	140	5400	0	10	0	1	200	0	200	86	68	0	0	0	0	0	1	0	0	-1	-1	0	0	1	0	0	0	0	0	-1	0	1	200	0	0	0	0	0	天节魔衣(女)
112	65	67	-1	210	7200	0	14	0	1	200	0	200	76	16	0	0	0	0	0	1	0	0	-1	-1	0	0	1	0	0	0	0	0	-1	0	1	200	0	0	0	0	0	天节道袍(男)
113	65	67	-1	230	7800	0	14	0	1	200	0	200	75	16	0	0	0	0	0	1	0	0	-1	-1	0	0	1	0	0	0	0	0	-1	0	1	200	0	0	0	0	0	天节道袍(女)
114	65	67	-1	750	18000	0	10	0	1	200	0	200	90	56	0	0	0	0	0	1	0	0	-1	-1	0	0	1	0	0	0	0	0	-1	0	1	200	0	0	0	0	0	牛气冲天(男)
115	65	67	-1	760	18600	0	10	0	1	200	0	200	85	67	0	0	0	0	0	1	0	0	-1	-1	0	0	1	0	0	0	0	0	-1	0	1	200	0	0	0	0	0	牛气冲天(女)
116	68	-1	-1	0	18000	0	10	0	1	200	0	200	0	0	0	0	0	0	0	1	0	0	-1	-1	0	0	1	0	0	1	0	0	-1	0	1	200	0	0	0	0	0	粽情一夏(男)
117	68	-1	-1	10	18000	0	10	0	1	200	0	200	0	0	0	0	0	0	0	1	0	0	-1	-1	0	0	1	0	0	1	0	0	-1	0	1	200	0	0	0	0	0	粽情一夏(女)
118	68	-1	-1	20	18000	0	10	0	1	200	0	200	0	0	0	0	0	0	0	1	0	0	-1	-1	0	0	1	0	0	1	0	0	-1	0	1	200	0	0	0	0	0	粽情战刃
119	68	-1	-1	30	18000	0	10	0	1	200	0	200	0	0	0	0	0	0	0	1	0	0	-1	-1	0	0	1	0	0	1	0	0	-1	0	1	200	0	0	0	0	0	粽情魔杖
120	68	-1	-1	40	18000	0	10	0	1	200	0	200	0	0	0	0	0	0	0	1	0	0	-1	-1	0	0	1	0	0	1	0	0	-1	0	1	200	0	0	0	0	0	粽情道剑
121	68	-1	-1	50	18000	0	10	0	1	200	0	200	0	0	0	0	0	0	0	1	0	0	-1	-1	0	0	1	0	0	1	0	0	-1	0	1	200	0	0	0	0	0	圣牛神甲(男)
122	68	-1	-1	60	18000	0	10	0	1	200	0	200	0	0	0	0	0	0	0	1	0	0	-1	-1	0	0	1	0	0	1	0	0	-1	0	1	200	0	0	0	0	0	圣牛神甲(女)
123	68	-1	-1	70	18000	0	10	0	1	200	0	200	0	0	0	0	0	0	0	1	0	0	-1	-1	0	0	1	0	0	1	0	0	-1	0	1	200	0	0	0	0	0	圣牛战刃
124	68	-1	-1	80	18000	0	10	0	1	200	0	200	0	0	0	0	0	0	0	1	0	0	-1	-1	0	0	1	0	0	1	0	0	-1	0	1	200	0	0	0	0	0	圣牛魔杖
125	68	-1	-1	90	18000	0	10	0	1	200	0	200	0	0	0	0	0	0	0	1	0	0	-1	-1	0	0	1	0	0	1	0	0	-1	0	1	200	0	0	0	0	0	圣牛道剑
126	65	67	-1	470	10800	0	10	0	1	200	0	200	90	17	0	0	0	0	0	1	0	0	-1	-1	0	0	1	0	0	0	0	0	-1	0	1	200	0	0	0	0	0	神牛战甲(男)
127	65	67	-1	480	11400	0	10	0	1	200	0	200	92	15	0	0	0	0	0	1	0	0	-1	-1	0	0	1	0	0	0	0	0	-1	0	1	200	0	0	0	0	0	神牛战甲(女)
128	65	67	-1	510	13200	0	10	0	1	200	0	200	75	25	0	0	0	0	0	1	0	0	-1	-1	0	0	1	0	0	0	0	0	-1	0	1	200	0	0	0	0	0	神牛魔衣(男)
129	65	67	-1	520	13800	0	10	0	1	200	0	200	76	23	0	0	0	0	0	1	0	0	-1	-1	0	0	1	0	0	0	0	0	-1	0	1	200	0	0	0	0	0	神牛魔衣(女)
130	65	67	-1	550	15600	0	10	0	1	200	0	200	91	17	0	0	0	0	0	1	0	0	-1	-1	0	0	1	0	0	0	0	0	-1	0	1	200	0	0	0	0	0	神牛道袍(男)
131	65	67	-1	560	16200	0	10	0	1	200	0	200	91	15	0	0	0	0	0	1	0	0	-1	-1	0	0	1	0	0	0	0	0	-1	0	1	200	0	0	0	0	0	神牛道袍(女)
132	65	67	-1	290	8400	0	14	0	1	200	0	200	75	19	0	0	0	0	0	1	0	0	-1	-1	0	0	1	0	0	0	0	0	-1	0	1	200	0	0	0	0	0	子神战甲(男)
133	65	67	-1	310	9000	0	14	0	1	200	0	200	77	16	0	0	0	0	0	1	0	0	-1	-1	0	0	1	0	0	0	0	0	-1	0	1	200	0	0	0	0	0	子神战甲(女)
134	65	67	-1	110	3600	0	10	0	1	200	0	200	92	61	0	0	0	0	0	1	0	0	-1	-1	0	0	1	0	0	0	0	0	-1	0	1	200	0	0	0	0	0	子神魔衣(男)
135	65	67	-1	120	4200	0	10	0	1	200	0	200	86	68	0	0	0	0	0	1	0	0	-1	-1	0	0	1	0	0	0	0	0	-1	0	1	200	0	0	0	0	0	子神魔衣(女)
136	65	67	-1	170	6000	0	14	0	1	200	0	200	76	16	0	0	0	0	0	1	0	0	-1	-1	0	0	1	0	0	0	0	0	-1	0	1	200	0	0	0	0	0	子神道袍(男)
137	65	67	-1	190	6600	0	14	0	1	200	0	200	75	16	0	0	0	0	0	1	0	0	-1	-1	0	0	1	0	0	0	0	0	-1	0	1	200	0	0	0	0	0	子神道袍(女)
138	13	20	-1	4170	33600	0	10	0	1	200	0	200	90	62	0	0	0	0	0	1	0	0	-1	-1	0	0	1	0	0	0	0	0	-1	0	1	200	0	0	0	0	0	金亥战甲(男)
139	13	20	-1	4180	34200	0	10	0	1	200	0	200	85	68	0	0	0	0	0	1	0	0	-1	-1	0	0	1	0	0	0	0	0	-1	0	1	200	0	0	0	0	0	金亥战甲(女)
140	13	20	-1	4190	34800	0	10	0	1	200	0	200	90	65	0	0	0	0	0	1	0	0	-1	-1	0	0	1	0	0	0	0	0	-1	0	1	200	0	0	0	0	0	金亥法衣(男)
141	13	20	-1	4200	35400	0	10	0	1	200	0	200	85	70	0	0	0	0	0	1	0	0	-1	-1	0	0	1	0	0	0	0	0	-1	0	1	200	0	0	0	0	0	金亥法衣(女)
142	13	20	-1	4210	36000	0	14	0	1	200	0	200	92	50	0	0	0	0	0	1	0	0	-1	-1	0	0	1	0	0	0	0	0	-1	0	1	200	0	0	0	0	0	金亥道袍(男)
143	13	20	-1	4230	36600	0	14	0	1	200	0	200	95	50	0	0	0	0	0	1	0	0	-1	-1	0	0	1	0	0	0	0	0	-1	0	1	200	0	0	0	0	0	金亥道袍(女)
144	13	20	-1	3620	22800	0	14	0	1	120	0	200	75	23	0	0	0	0	0	1	0	0	-1	-1	0	0	1	0	0	0	0	0	64	61	8	120	-28	-175	0	1	1	啸月战甲(男)
145	13	20	-1	3640	23400	0	14	0	1	120	0	200	76	23	0	0	0	0	0	1	0	0	-1	-1	0	0	1	0	0	0	0	0	64	61	8	120	-28	-175	0	1	1	啸月战甲(女)
146	13	20	-1	3660	24000	0	10	0	1	120	0	200	76	21	0	0	0	0	0	1	0	0	-1	-1	0	0	1	0	0	0	0	0	64	61	8	120	-28	-175	0	1	1	啸月法衣(男)
147	13	20	-1	3670	24600	0	10	0	1	120	0	200	94	-7	0	0	0	0	0	1	0	0	-1	-1	0	0	1	0	0	0	0	0	64	61	8	120	-28	-175	0	1	1	啸月法衣(女)
148	13	20	-1	3680	25200	0	14	0	1	120	0	200	74	26	0	0	0	0	0	1	0	0	-1	-1	0	0	1	0	0	0	0	0	64	61	8	120	-28	-175	0	1	1	啸月道袍(男)
149	-1	16	-1	3700	8400	0	14	0	1	120	0	200	75	23	0	0	0	0	1	1	0	0	-1	-1	0	0	1	0	0	0	0	0	-1	61	8	120	-28	-175	0	1	1	威武之师
150	65	67	-1	790	19200	0	10	0	1	120	0	200	89	59	0	0	0	0	0	1	0	0	-1	-1	0	0	1	0	0	0	0	0	-1	61	8	120	-28	-175	0	1	1	君临天下(男)
151	65	67	-1	800	19800	0	10	0	1	120	0	200	85	67	0	0	0	0	0	1	0	0	-1	-1	0	0	1	0	0	0	0	0	-1	61	8	120	-28	-175	0	1	1	君临天下(女)
152	65	66	-1	810	21600	0	10	0	1	200	0	200	90	14	0	0	0	0	0	0	0	0	-1	-1	0	0	1	0	0	0	0	0	-1	0	1	200	0	0	0	0	0	君临战刃
153	65	66	-1	820	22800	0	10	0	1	200	0	200	90	13	0	0	0	0	0	0	0	0	-1	-1	0	0	1	0	0	0	0	0	-1	0	1	200	0	0	0	0	0	君临魔杖
154	65	66	-1	830	24000	0	10	0	1	200	0	200	90	13	0	0	0	0	0	0	0	0	-1	-1	0	0	1	0	0	0	0	0	-1	0	1	200	0	0	0	0	0	君临道扇
155	65	67	-1	0	0	0	10	0	1	200	0	200	90	60	0	0	0	0	0	1	0	0	-1	-1	0	0	1	0	0	0	0	0	-1	0	1	200	0	0	0	0	0	无名神甲1(男)
156	65	67	-1	10	600	0	10	0	1	200	0	200	86	70	0	0	0	0	0	1	0	0	-1	-1	0	0	1	0	0	0	0	0	-1	0	1	200	0	0	0	0	0	无名神甲1(女)
157	65	67	-1	20	1200	0	10	0	1	200	0	200	90	60	0	0	0	0	0	1	0	0	-1	-1	0	0	1	0	0	0	0	0	-1	0	1	200	0	0	0	0	0	无名神甲2(男)
158	65	67	-1	30	1800	0	10	0	1	200	0	200	86	70	0	0	0	0	0	1	0	0	-1	-1	0	0	1	0	0	0	0	0	-1	0	1	200	0	0	0	0	0	无名神甲2(女)
159	65	67	-1	40	2400	0	10	0	1	200	0	200	90	60	0	0	0	0	0	1	0	0	-1	-1	0	0	1	0	0	0	0	0	-1	0	1	200	0	0	0	0	0	无名神甲3(男)
160	65	67	-1	50	3000	0	10	0	1	200	0	200	86	70	0	0	0	0	0	1	0	0	-1	-1	0	0	1	0	0	0	0	0	-1	0	1	200	0	0	0	0	0	无名神甲3(女)
161	65	66	-1	70	7200	0	10	0	1	200	0	200	93	65	0	0	0	0	0	0	0	0	-1	-1	0	0	1	0	0	0	0	0	-1	0	1	200	0	0	0	0	0	无名神剑1
162	65	66	-1	80	8400	0	10	0	1	200	0	200	93	65	0	0	0	0	0	0	0	0	-1	-1	0	0	1	0	0	0	0	0	-1	0	1	200	0	0	0	0	0	无名神剑2
163	65	66	-1	90	9600	0	10	0	1	200	0	200	89	36	0	0	0	0	0	0	0	0	-1	-1	0	0	1	0	0	0	0	0	-1	0	1	200	0	0	0	0	0	无名神剑3
164	65	67	-1	870	20400	0	10	0	1	120	0	200	0	0	0	0	0	0	0	1	0	0	-1	-1	0	0	1	0	0	0	0	0	-1	61	8	120	-28	-175	0	1	1	七夕之约(男)
165	65	67	-1	880	21000	0	10	0	1	120	0	200	0	0	0	0	0	0	0	1	0	0	-1	-1	0	0	1	0	0	0	0	0	-1	61	8	120	-28	-175	0	1	1	七夕之约(女)
166	65	66	-1	840	25200	0	10	0	1	200	0	200	0	0	0	0	0	0	0	0	0	0	-1	-1	0	0	1	0	0	0	0	0	-1	0	1	200	0	0	0	0	0	七夕战刃
167	65	66	-1	850	26400	0	10	0	1	200	0	200	0	0	0	0	0	0	0	0	0	0	-1	-1	0	0	1	0	0	0	0	0	-1	0	1	200	0	0	0	0	0	七夕魔杖
168	65	66	-1	860	27600	0	10	0	1	200	0	200	0	0	0	0	0	0	0	0	0	0	-1	-1	0	0	1	0	0	0	0	0	-1	0	1	200	0	0	0	0	0	七夕道扇
169	65	67	-1	920	21600	0	10	0	1	120	0	200	0	0	0	0	0	0	0	1	0	0	-1	-1	0	0	1	0	0	0	0	0	-1	61	8	120	-28	-175	0	1	1	东方神韵(男)
170	65	67	-1	930	22200	0	10	0	1	120	0	200	0	0	0	0	0	0	0	1	0	0	-1	-1	0	0	1	0	0	0	0	0	-1	61	8	120	-28	-175	0	1	1	东方神韵(女)
171	65	66	-1	890	28800	0	10	0	1	200	0	200	0	0	0	0	0	0	0	0	0	0	-1	-1	0	0	1	0	0	0	0	0	-1	0	1	200	0	0	0	0	0	神韵战刃
172	65	66	-1	900	30000	0	10	0	1	200	0	200	0	0	0	0	0	0	0	0	0	0	-1	-1	0	0	1	0	0	0	0	0	-1	0	1	200	0	0	0	0	0	神韵魔杖
173	65	66	-1	910	31200	0	10	0	1	200	0	200	0	0	0	0	0	0	0	0	0	0	-1	-1	0	0	1	0	0	0	0	0	-1	0	1	200	0	0	0	0	0	神韵道扇
174	65	67	-1	1060	30000	0	10	0	1	200	0	200	90	60	0	0	0	0	0	1	0	0	-1	-1	0	0	1	0	0	0	0	0	-1	0	1	200	0	0	0	0	0	刑天战甲(男低)
175	65	67	-1	1070	30600	0	10	0	1	200	0	200	90	60	0	0	0	0	0	1	0	0	-1	-1	0	0	1	0	0	0	0	0	-1	0	1	200	0	0	0	0	0	刑天战甲(女低)
176	65	67	-1	1080	31200	0	10	0	1	200	0	200	90	60	0	0	0	0	0	1	0	0	-1	-1	0	0	1	0	0	0	0	0	-1	0	1	200	0	0	0	0	0	刑天战甲(男中)
177	65	67	-1	1090	31800	0	10	0	1	200	0	200	88	59	0	0	0	0	0	1	0	0	-1	-1	0	0	1	0	0	0	0	0	-1	0	1	200	0	0	0	0	0	刑天战甲(女中)
178	65	67	-1	1100	32400	0	10	0	1	200	0	200	90	60	0	0	0	0	0	1	0	0	-1	-1	0	0	1	0	0	0	0	0	-1	0	1	200	0	0	0	0	0	刑天战甲(男高)
179	65	67	-1	1110	33000	0	10	0	1	200	0	200	87	71	0	0	0	0	0	1	0	0	-1	-1	0	0	1	0	0	0	0	0	-1	0	1	200	0	0	0	0	0	刑天战甲(女高)
180	65	67	-1	940	22800	0	10	0	1	200	0	200	90	60	0	0	0	0	0	1	0	0	-1	-1	0	0	1	0	0	0	0	0	-1	0	1	200	0	0	0	0	0	祝融魔衣(男低)
181	65	67	-1	950	23400	0	10	0	1	200	0	200	86	70	0	0	0	0	0	1	0	0	-1	-1	0	0	1	0	0	0	0	0	-1	0	1	200	0	0	0	0	0	祝融魔衣(女低)
182	65	67	-1	960	24000	0	10	0	1	200	0	200	89	59	0	0	0	0	0	1	0	0	-1	-1	0	0	1	0	0	0	0	0	-1	0	1	200	0	0	0	0	0	祝融魔衣(男中)
183	65	67	-1	970	24600	0	10	0	1	200	0	200	86	70	0	0	0	0	0	1	0	0	-1	-1	0	0	1	0	0	0	0	0	-1	0	1	200	0	0	0	0	0	祝融魔衣(女中)
184	65	67	-1	980	25200	0	10	0	1	200	0	200	90	60	0	0	0	0	0	1	0	0	-1	-1	0	0	1	0	0	0	0	0	-1	0	1	200	0	0	0	0	0	祝融魔衣(男高)
185	65	67	-1	990	25800	0	10	0	1	200	0	200	87	70	0	0	0	0	0	1	0	0	-1	-1	0	0	1	0	0	0	0	0	-1	0	1	200	0	0	0	0	0	祝融魔衣(女高)
186	65	67	-1	1000	26400	0	10	0	1	200	0	200	90	60	0	0	0	0	0	1	0	0	-1	-1	0	0	1	0	0	0	0	0	-1	0	1	200	0	0	0	0	0	蛟龙道袍(男低)
187	65	67	-1	1010	27000	0	10	0	1	200	0	200	91	62	0	0	0	0	0	1	0	0	-1	-1	0	0	1	0	0	0	0	0	-1	0	1	200	0	0	0	0	0	蛟龙道袍(女低)
188	65	67	-1	1020	27600	0	10	0	1	200	0	200	90	60	0	0	0	0	0	1	0	0	-1	-1	0	0	1	0	0	0	0	0	-1	0	1	200	0	0	0	0	0	蛟龙道袍(男中)
189	65	67	-1	1030	28200	0	10	0	1	200	0	200	86	71	0	0	0	0	0	1	0	0	-1	-1	0	0	1	0	0	0	0	0	-1	0	1	200	0	0	0	0	0	蛟龙道袍(女中)
190	65	67	-1	1040	28800	0	10	0	1	200	0	200	90	60	0	0	0	0	0	1	0	0	-1	-1	0	0	1	0	0	0	0	0	-1	0	1	200	0	0	0	0	0	蛟龙道袍(男高)
191	65	67	-1	1050	29400	0	10	0	1	200	0	200	86	73	0	0	0	0	0	1	0	0	-1	-1	0	0	1	0	0	0	0	0	-1	0	1	200	0	0	0	0	0	蛟龙道袍(女高)
192	65	66	-1	1240	39600	0	10	0	1	200	0	200	97	50	0	0	0	0	0	0	0	0	-1	-1	0	0	1	0	0	0	0	0	-1	0	1	200	0	0	0	0	0	刑天战斧(低)
193	65	66	-1	1250	40800	0	10	0	1	200	0	200	90	40	0	0	0	0	0	0	0	0	-1	-1	0	0	1	0	0	0	0	0	-1	0	1	200	0	0	0	0	0	刑天战斧(中)
194	65	66	-1	1260	42000	0	10	0	1	200	0	200	90	60	0	0	0	0	0	0	0	0	-1	-1	0	0	1	0	0	0	0	0	-1	0	1	200	0	0	0	0	0	刑天战斧(高)
195	65	66	-1	1180	32400	0	10	0	1	200	0	200	90	20	0	0	0	0	0	0	0	0	-1	-1	0	0	1	0	0	0	0	0	-1	0	1	200	0	0	0	0	0	祝融法杖(低)
196	65	66	-1	1190	33600	0	10	0	1	200	0	200	90	20	0	0	0	0	0	0	0	0	-1	-1	0	0	1	0	0	0	0	0	-1	0	1	200	0	0	0	0	0	祝融法杖(中)
197	65	66	-1	1200	34800	0	10	0	1	200	0	200	90	20	0	0	0	0	0	0	0	0	-1	-1	0	0	1	0	0	0	0	0	-1	0	1	200	0	0	0	0	0	祝融法杖(高)
198	65	66	-1	1210	36000	0	10	0	1	200	0	200	80	33	0	0	0	0	0	0	0	0	-1	-1	0	0	1	0	0	0	0	0	-1	0	1	200	0	0	0	0	0	蛟龙道扇(低)
199	65	66	-1	1220	37200	0	10	0	1	200	0	200	95	40	0	0	0	0	0	0	0	0	-1	-1	0	0	1	0	0	0	0	0	-1	0	1	200	0	0	0	0	0	蛟龙道扇(中)
200	65	66	-1	1230	38400	0	10	0	1	200	0	200	90	30	0	0	0	0	0	0	0	0	-1	-1	0	0	1	0	0	0	0	0	-1	0	1	200	0	0	0	0	0	蛟龙道扇(高)
201	13	-1	-1	3978	0	0	10	0	1	120	0	200	0	0	0	0	0	0	0	1	0	0	-1	-1	0	0	1	0	0	0	0	0	64	61	8	120	-28	-175	0	1	1	神圣天龙(女)
202	13	-1	-1	1570	3600	0	8	0	1	120	0	200	0	0	0	0	0	0	0	0	0	0	-1	-1	0	0	1	0	0	0	0	0	-1	61	8	120	-28	-175	0	1	1	热血战甲 热血魔衣 热血道袍
203	13	20	-1	3160	15600	0	12	0	1	200	0	200	86	65	0	0	0	0	0	0	0	0	-1	-1	0	0	1	0	0	0	0	0	-1	0	1	200	0	0	0	0	0	灵凤战甲(男)
204	13	20	-1	3180	16200	0	12	0	1	200	0	200	85	65	0	0	0	0	0	1	0	0	-1	-1	0	0	1	0	0	0	0	0	-1	0	1	200	0	0	0	0	0	灵凤战甲(女)
205	13	20	-1	3200	16800	0	12	0	1	200	0	200	95	20	0	0	0	0	0	0	0	0	-1	-1	0	0	1	0	0	0	0	0	-1	0	1	200	0	0	0	0	0	灵凤法衣(男)
206	13	20	-1	3220	17400	0	12	0	1	200	0	200	94	-5	0	0	0	0	0	1	0	0	-1	-1	0	0	1	0	0	0	0	0	-1	0	1	200	0	0	0	0	0	灵凤法衣(女)
207	13	20	-1	3240	18000	0	10	0	1	200	0	200	90	62	0	0	0	0	0	0	0	0	-1	-1	0	0	1	0	0	0	0	0	-1	0	1	200	0	0	0	0	0	灵凤道袍(男)
208	13	20	-1	3250	18600	0	10	0	1	200	0	200	87	65	0	0	0	0	0	1	0	0	-1	-1	0	0	1	0	0	0	0	0	-1	0	1	200	0	0	0	0	0	灵凤道袍(女)
209	13	20	-1	2394	0	0	10	0	1	200	0	200	87	60	0	0	0	0	0	1	0	0	-1	-1	0	0	1	0	0	0	0	0	-1	0	1	200	0	0	0	0	0	灵羊战甲(男)
210	13	20	-1	2421	600	0	10	0	1	200	0	200	87	65	0	0	0	0	0	1	0	0	-1	-1	0	0	1	0	0	0	0	0	-1	0	1	200	0	0	0	0	0	灵羊战甲(女)
211	13	20	-1	2448	4800	0	14	0	1	200	0	200	88	58	0	0	0	0	0	1	0	0	-1	-1	0	0	1	0	0	0	0	0	-1	0	1	200	0	0	0	0	0	灵羊法衣(男)
212	13	20	-1	2484	5400	0	14	0	1	200	0	200	88	65	0	0	0	0	0	1	0	0	-1	-1	0	0	1	0	0	0	0	0	-1	0	1	200	0	0	0	0	0	灵羊法衣(女)
213	13	20	-1	2520	2400	0	12	0	1	200	0	200	85	60	0	0	0	0	0	1	0	0	-1	-1	0	0	1	0	0	0	0	0	-1	0	1	200	0	0	0	0	0	灵羊道袍(男)
214	13	20	-1	2556	3000	0	12	0	1	200	0	200	87	64	0	0	0	0	0	1	0	0	-1	-1	0	0	1	0	0	0	0	0	-1	0	1	200	0	0	0	0	0	灵羊道袍(女)
215	13	20	-1	2800	7200	0	14	0	1	200	0	200	85	26	0	0	0	0	0	1	0	0	-1	-1	0	0	1	0	0	0	0	0	-1	0	1	200	0	0	0	0	0	灵猴战甲(男)
216	13	20	-1	2840	8400	0	14	0	1	200	0	200	85	26	0	0	0	0	0	1	0	0	-1	-1	0	0	1	0	0	0	0	0	-1	0	1	200	0	0	0	0	0	灵猴战甲(女)
217	13	20	-1	2880	12000	0	14	0	1	200	0	200	87	21	0	0	0	0	0	1	0	0	-1	-1	0	0	1	0	0	0	0	0	-1	0	1	200	0	0	0	0	0	灵猴法衣(男)
218	13	20	-1	2920	13200	0	14	0	1	200	0	200	87	24	0	0	0	0	0	1	0	0	-1	-1	0	0	1	0	0	0	0	0	-1	0	1	200	0	0	0	0	0	灵猴法衣(女)
219	13	20	-1	2960	9600	0	11	0	1	200	0	200	85	34	0	0	0	0	0	1	0	0	-1	-1	0	0	1	0	0	0	0	0	-1	0	1	200	0	0	0	0	0	灵猴道袍(男)
220	13	20	-1	3000	10800	0	11	0	1	200	0	200	82	37	0	0	0	0	0	1	0	0	-1	-1	0	0	1	0	0	0	0	0	-1	0	1	200	0	0	0	0	0	灵猴道袍(女)
221	3	-1	3	261	10800	261	5	0	5	200	0	200	0	0	0	0	0	0	0	1	0	1	-1	-1	0	0	1	0	0	0	0	0	3	261	5	200	0	0	1	0	1	元素属性
222	70	-1	70	10	10800	10	10	0	10	100	0	80	-58	-59	0	0	-58	-59	0	1	0	0	-1	-1	0	0	1	0	0	0	0	0	70	10	10	100	-58	-62	0	0	0	一级鉴定
223	70	-1	70	20	10800	20	10	0	10	100	0	80	-58	-59	0	0	-58	-59	0	1	0	0	-1	-1	0	0	1	0	0	0	0	0	70	20	10	100	-58	-62	0	0	0	二级鉴定
224	70	-1	70	30	10800	30	10	0	10	100	0	80	-58	-59	0	0	-58	-59	0	1	0	0	-1	-1	0	0	1	0	0	0	0	0	70	30	10	100	-58	-62	0	0	0	三级鉴定
225	70	-1	70	40	10800	40	10	0	10	100	0	80	-58	-59	0	0	-58	-59	0	1	0	0	-1	-1	0	0	1	0	0	0	0	0	70	40	10	100	-58	-62	0	0	0	四级鉴定
226	2	-1	2	1340	10800	1340	10	0	10	100	0	100	0	0	0	0	0	0	0	1	1	0	-1	-1	0	0	1	0	0	0	0	0	2	1340	10	100	0	0	0	0	0	四级鉴定
227	79	-1	79	112	10800	112	10	0	10	100	0	100	0	0	0	0	0	0	0	1	1	0	-1	-1	0	0	1	0	0	0	0	0	79	112	10	100	0	0	1	0	0	魂环
228	101	-1	101	129	0	129	15	0	15	150	0	150	0	0	0	0	0	0	0	0	0	1	-1	-1	0	0	1	0	0	0	0	0	79	511	9	150	-150	-219	0	1	0	专属首饰
229	-1	-1	101	0	0	129	1	0	15	1	0	150	0	0	0	0	0	0	0	0	0	1	-1	-1	0	0	1	0	0	0	0	0	79	511	9	150	-150	-219	0	1	0	专属头剑甲
