1	命运之书	0	1	1	0	0
2	金创药(小量)	0	1	1	0	0
2	魔法药(小量)	0	1	1	0	0
2	金创药(中量)	0	1	1	0	0
2	魔法药(中量)	0	1	1	0	0
2	强效金创药	0	1	1	0	0
2	强效魔法药	0	1	1	0	0
2	神水	0	1	1	0	0
2	鹿血	0	1	1	0	0
2	鹿茸	0	1	1	0	0
2	太阳水	0	1	1	0	0
2	疗伤药	0	1	1	0	0
2	特殊药水	0	1	1	0	0
2	万年雪霜	0	1	1	0	0
2	强效太阳水	0	1	1	0	0
2	干肉	0	1	1	0	0
2	修复神水	0	1	1	0	0
1	记路标石	0	1	1	0	0
2	随机传送石	0	1	1	0	0
2	强化召唤卷	0	1	1	0	0
1	聚灵珠(小)	0	1	1	0	0
1	聚灵珠(大)	0	1	1	0	0
1	斗笠	0	1	1	0	0
2	比奇传送石	0	1	1	0	0
2	盟重传送石	0	1	1	0	0
1	彩票	0	1	1	0	0
1	祝福油	0	1	1	0	0
1	战神油	0	1	1	0	0
1	修复油	0	1	1	0	0
1	回城卷	0	1	1	0	0
1	行会回城卷	0	1	1	0	0
1	随机传送卷	0	1	1	0	0
1	地牢逃脱卷	0	1	1	0	0
1	攻击神水	0	1	1	0	0
1	魔力神水	0	1	1	0	0
1	精神神水	0	1	1	0	0
1	极速神水	0	1	1	0	0
1	体力强效神水	0	1	1	0	0
1	魔力强效神水	0	1	1	0	0
2	=======【技能书】=======	0	1	1	0	0
1	基本剑术	0	1	1	0	0
1	攻杀剑术	0	1	1	0	0
1	刺杀剑术	0	1	1	0	0
1	半月弯刀	0	1	1	0	0
1	野蛮冲撞	0	1	1	0	0
1	烈火剑法	0	1	1	0	0
1	雷霆剑法	0	1	1	0	0
1	狮子吼	0	1	1	0	0
1	双龙斩	0	1	1	0	0
1	彻地钉	0	1	1	0	0
1	开天斩	0	1	1	0	0
1	龙影剑法	0	1	1	0	0
1	逐日剑法	0	1	1	0	0
1	擒龙手	0	1	1	0	0
1	火球术	0	1	1	0	0
1	大火球	0	1	1	0	0
1	抗拒火环	0	1	1	0	0
1	诱惑之光	0	1	1	0	0
1	地狱火	0	1	1	0	0
1	雷电术	0	1	1	0	0
1	瞬息移动	0	1	1	0	0
1	爆裂火焰	0	1	1	0	0
1	火墙	0	1	1	0	0
1	疾光电影	0	1	1	0	0
1	地狱雷光	0	1	1	0	0
1	魔法盾	0	1	1	0	0
1	圣言术	0	1	1	0	0
1	冰咆哮	0	1	1	0	0
1	流星火雨	0	1	1	0	0
1	精神力战法	0	1	1	0	0
1	治愈术	0	1	1	0	0
1	施毒术	0	1	1	0	0
1	灵魂火符	0	1	1	0	0
1	召唤骷髅	0	1	1	0	0
1	隐身术	0	1	1	0	0
1	集体隐身术	0	1	1	0	0
1	幽灵盾	0	1	1	0	0
1	神圣战甲术	0	1	1	0	0
1	心灵启示	0	1	1	0	0
1	困魔咒	0	1	1	0	0
1	召唤神兽	0	1	1	0	0
1	群体治疗术	0	1	1	0	0
1	飓风破	0	1	1	0	0
1	群体施毒术	0	1	1	0	0
1	气功波	0	1	1	0	0
1	净化术	0	1	1	0	0
1	无极真气	0	1	1	0	0
2	1	0	1	1	0	0
1	解毒术	0	1	1	0	0
1	召唤月灵	0	1	1	0	0
1	分身术	0	1	1	0	0
1	护体神盾	0	1	1	0	0
1	心灵召唤	0	1	1	0	0
1	火龙烈焰	0	1	1	0	0
1	神武守护	0	1	1	0	0
1	万法归一	0	1	1	0	0
1	禁锢术	0	1	1	0	0
1	冰霜雪雨	0	1	1	0	0
1	雷霆法阵	0	1	1	0	0
1	招魂术	0	1	1	0	0
1	灭天火	0	1	1	0	0
1	召唤圣兽	0	1	1	0	0
1	裂神符	0	1	1	0	0
1	死亡之眼	0	1	1	0	0
1	十步一杀	0	1	1	0	0
1	冰霜群雨	0	1	1	0	0
1	旋风斩	0	1	1	0	0
1	五雷轰	0	1	1	0	0
1	幽冥火符	0	1	1	0	0
1	破魂斩	0	1	1	0	0
1	劈星斩	0	1	1	0	0
1	雷霆一击	0	1	1	0	0
1	噬魂沼泽	0	1	1	0	0
1	末日审判	0	1	1	0	0
1	火龙气焰	0	1	1	0	0
1	追心刺	0	1	1	0	0
1	三绝杀	0	1	1	0	0
1	断岳斩	0	1	1	0	0
1	横扫千军	0	1	1	0	0
1	凤舞祭	0	1	1	0	0
1	惊雷爆	0	1	1	0	0
1	冰天雪地	0	1	1	0	0
1	双龙破	0	1	1	0	0
1	虎啸诀	0	1	1	0	0
1	八卦掌	0	1	1	0	0
1	三焰咒	0	1	1	0	0
1	万剑归宗	0	1	1	0	0
2	火龙之心	0	1	1	0	0
2	=======【神佑】=======	0	1	1	0	0
7	子鼠神佑	0	1	1	0	0
7	丑牛神佑	0	1	1	0	0
7	寅虎神佑	0	1	1	0	0
7	卯兔神佑	0	1	1	0	0
7	辰龙神佑	0	1	1	0	0
7	巳蛇神佑	0	1	1	0	0
7	午马神佑	0	1	1	0	0
7	未羊神佑	0	1	1	0	0
7	申猴神佑	0	1	1	0	0
7	酉鸡神佑	0	1	1	0	0
7	戌狗神佑	0	1	1	0	0
7	亥猪神佑	0	1	1	0	0
1	血魂玉	0	1	1	0	0
1	神佑玉	0	1	1	0	0
1	血魄玉	0	1	1	0	0
2	=======【坐骑】=======	0	1	1	0	0
7	主宰者马牌	0	1	1	0	0
7	主宰者双人马牌	0	1	1	0	0
7	主宰者灵笛	0	1	1	0	0
7	主宰者灵虎	0	1	1	0	0
7	黑鬃马	0	1	1	0	0
7	枣红马	0	1	1	0	0
7	赤兔马	0	1	1	0	0
7	汗血马	0	1	1	0	0
7	白龙马	0	1	1	0	0
7	迎亲马	0	1	1	0	0
7	金龙马	0	1	1	0	0
7	卓越战马	0	1	1	0	0
7	御龙灵兽	0	1	1	0	0
2	=======【时装】=======	0	1	1	0	0
1	小寡妇的内裤	0	1	1	0	0
1	斑点泳裤	0	1	1	0	0
1	条纹泳裤	0	1	1	0	0
1	粉色比基尼	0	1	1	0	0
1	黄色比基尼	0	1	1	0	0
1	凤天羽衣	0	1	1	0	0
1	凰天霓裳	0	1	1	0	0
1	红色礼服(男)	0	1	1	0	0
1	红色礼服(女)	0	1	1	0	0
4	毒刺	0	1	1	0	0
1	神翼天尊(男)	0	1	1	0	0
1	神翼天尊(女)	0	1	1	0	0
1	金箍棒	0	1	1	0	0
1	斗战胜佛(男)	0	1	1	0	0
1	斗战胜佛(女)	0	1	1	0	0
1	九天彩凤(女)	0	1	1	0	0
1	九天彩凤(男)	0	1	1	0	0
1	神圣天龙(女)	0	1	1	0	0
1	神圣天龙(男)	0	1	1	0	0
1	龙腾天下(女)	0	1	1	0	0
1	龙腾天下(男)	0	1	1	0	0
2	=======【装备】=======	0	1	1	0	0
4	木剑	0	1	1	0	0
4	匕首	0	1	1	0	0
4	青铜剑	0	1	1	0	0
4	乌木剑	0	1	1	0	0
4	铁剑	0	1	1	0	0
4	短剑	0	1	1	0	0
4	鹤嘴锄	0	1	1	0	0
4	青铜斧	0	1	1	0	0
4	八荒	0	1	1	0	0
4	半月	0	1	1	0	0
4	海魂	0	1	1	0	0
4	罗刹	0	1	1	0	0
4	凌风	0	1	1	0	0
4	破魂	0	1	1	0	0
4	祈祷之刃	0	1	1	0	0
4	斩马刀	0	1	1	0	0
4	偃月	0	1	1	0	0
4	降魔	0	1	1	0	0
4	修罗	0	1	1	0	0
4	凝霜	0	1	1	0	0
4	炼狱	0	1	1	0	0
4	魔杖	0	1	1	0	0
4	银蛇	0	1	1	0	0
4	井中月	0	1	1	0	0
4	无极棍	0	1	1	0	0
4	血饮	0	1	1	0	0
4	裁决之杖	0	1	1	0	0
4	命运之刃	0	1	1	0	0
4	屠龙	0	1	1	0	0
4	龙纹剑	0	1	1	0	0
4	嗜魂法杖	0	1	1	0	0
4	骨玉权杖	0	1	1	0	0
4	赤血魔剑	0	1	1	0	0
4	龙牙	0	1	1	0	0
4	怒斩	0	1	1	0	0
4	逍遥扇	0	1	1	0	0
4	霸者之刃	0	1	1	0	0
1	千里传音(大)	0	1	1	0	0
1	千里传音	0	1	1	0	0
3	布衣(男)	0	1	1	0	0
3	布衣(女)	0	1	1	0	0
3	轻型盔甲(男)	0	1	1	0	0
3	轻型盔甲(女)	0	1	1	0	0
3	中型盔甲(男)	0	1	1	0	0
3	中型盔甲(女)	0	1	1	0	0
3	重盔甲(男)	0	1	1	0	0
3	重盔甲(女)	0	1	1	0	0
3	魔法长袍(男)	0	1	1	0	0
3	魔法长袍(女)	0	1	1	0	0
3	灵魂战衣(男)	0	1	1	0	0
3	灵魂战衣(女)	0	1	1	0	0
3	战神盔甲(男)	0	1	1	0	0
3	战神盔甲(女)	0	1	1	0	0
3	恶魔长袍(女)	0	1	1	0	0
3	恶魔长袍(男)	0	1	1	0	0
3	幽灵战衣(女)	0	1	1	0	0
3	幽灵战衣(男)	0	1	1	0	0
3	天魔神甲	0	1	1	0	0
3	圣战宝甲	0	1	1	0	0
3	法神披风	0	1	1	0	0
3	霓裳羽衣	0	1	1	0	0
3	天尊道袍	0	1	1	0	0
3	天师长袍	0	1	1	0	0
5	青铜头盔	0	1	1	0	0
5	骷髅头盔	0	1	1	0	0
5	魔法头盔	0	1	1	0	0
5	道士头盔	0	1	1	0	0
5	祈福项链	0	1	1	0	0
5	探测项链	0	1	1	0	0
5	金项链	0	1	1	0	0
5	传统项链	0	1	1	0	0
5	白金项链	0	1	1	0	0
5	白色虎齿项链	0	1	1	0	0
5	躲避手链	0	1	1	0	0
5	黑檀项链	0	1	1	0	0
5	黄色水晶项链	0	1	1	0	0
5	黑色水晶项链	0	1	1	0	0
5	技巧项链	0	1	1	0	0
5	魔鬼项链	0	1	1	0	0
5	琥珀项链	0	1	1	0	0
5	凤凰明珠	0	1	1	0	0
5	灯笼项链	0	1	1	0	0
5	蓝翡翠项链	0	1	1	0	0
5	竹笛	0	1	1	0	0
5	放大镜	0	1	1	0	0
5	铁手镯	0	1	1	0	0
5	小手镯	0	1	1	0	0
5	银手镯	0	1	1	0	0
5	皮制手套	0	1	1	0	0
5	钢手镯	0	1	1	0	0
5	大手镯	0	1	1	0	0
5	夏普儿手镯	0	1	1	0	0
5	坚固手套	0	1	1	0	0
5	魔法手镯	0	1	1	0	0
5	道士手镯	0	1	1	0	0
5	黑檀手镯	0	1	1	0	0
5	避邪手镯	0	1	1	0	0
5	死神手套	0	1	1	0	0
5	金手镯	0	1	1	0	0
5	求婚戒指	0	1	1	0	0
5	古铜戒指	0	1	1	0	0
5	六角戒指	0	1	1	0	0
5	玻璃戒指	0	1	1	0	0
5	牛角戒指	0	1	1	0	0
5	生铁戒指	0	1	1	0	0
5	隐身戒指	0	1	1	0	0
5	传送戒指	0	1	1	0	0
5	麻痹戒指	0	1	1	0	0
5	复活戒指	0	1	1	0	0
5	火焰戒指	0	1	1	0	0
5	防御戒指	0	1	1	0	0
5	护身戒指	0	1	1	0	0
5	超负载戒指	0	1	1	0	0
5	蓝色水晶戒指	0	1	1	0	0
5	黑色水晶戒指	0	1	1	0	0
5	蛇眼戒指	0	1	1	0	0
5	珍珠戒指	0	1	1	0	0
5	金戒指	0	1	1	0	0
5	魅力戒指	0	1	1	0	0
5	道德戒指	0	1	1	0	0
5	降妖除魔戒指	0	1	1	0	0
5	珊瑚戒指	0	1	1	0	0
5	骷髅戒指	0	1	1	0	0
2	灰色药粉(少量)	0	1	1	0	0
2	黄色药粉(少量)	0	1	1	0	0
2	灰色药粉(中量)	0	1	1	0	0
2	黄色药粉(中量)	0	1	1	0	0
2	黄色药粉(大量)	0	1	1	0	0
2	灰色药粉(大量)	0	1	1	0	0
2	护身符	0	1	1	0	0
2	护身符(大)	0	1	1	0	0
2	超级灰色药粉	0	1	1	0	0
2	超级黄色药粉	0	1	1	0	0
2	超级护身符	0	1	1	0	0
7	蜡烛	0	1	1	0	0
7	火把	0	1	1	0	0
7	火炬	0	1	1	0	0
5	精灵头盔	0	1	1	0	0
7	荣誉勋章11号	0	1	1	0	0
7	荣誉勋章12号	0	1	1	0	0
7	荣誉勋章13号	0	1	1	0	0
7	荣誉勋章14号	0	1	1	0	0
7	荣誉勋章15号	0	1	1	0	0
7	荣誉勋章21号	0	1	1	0	0
7	荣誉勋章22号	0	1	1	0	0
7	荣誉勋章23号	0	1	1	0	0
7	荣誉勋章24号	0	1	1	0	0
7	荣誉勋章25号	0	1	1	0	0
7	荣誉勋章31号	0	1	1	0	0
7	荣誉勋章32号	0	1	1	0	0
7	荣誉勋章33号	0	1	1	0	0
7	荣誉勋章34号	0	1	1	0	0
7	荣誉勋章35号	0	1	1	0	0
7	荣誉勋章41号	0	1	1	0	0
7	荣誉勋章42号	0	1	1	0	0
7	荣誉勋章43号	0	1	1	0	0
7	荣誉勋章44号	0	1	1	0	0
7	荣誉勋章45号	0	1	1	0	0
1	筹码包	0	1	1	0	0
1	回城卷包	0	1	1	0	0
1	地牢逃脱卷包	0	1	1	0	0
1	随机传送卷包	0	1	1	0	0
1	行会回城卷包	0	1	1	0	0
1	金创药(小)包	0	1	1	0	0
1	魔法药(小)包	0	1	1	0	0
1	金创药(中)包	0	1	1	0	0
1	魔法药(中)包	0	1	1	0	0
1	超级金创药	0	1	1	0	0
1	超级魔法药	0	1	1	0	0
1	庆典蛋糕	0	1	1	0	0
1	金条	0	1	1	0	0
1	金砖	0	1	1	0	0
1	金盒	0	1	1	0	0
1	反璞归真	0	1	1	0	0
1	个性发型	0	1	1	0	0
1	VIP卷轴	0	1	1	0	0
1	经验宝典(小)	0	1	1	0	0
1	经验宝典(中)	0	1	1	0	0
1	经验宝典(大)	0	1	1	0	0
2	一心一意	0	1	1	0	0
2	心心相印	0	1	1	0	0
2	飞火流星	0	1	1	0	0
2	浪漫星雨	0	1	1	0	0
2	绮梦幻想	0	1	1	0	0
2	长空火舞	0	1	1	0	0
2	如雾似梦	0	1	1	0	0
1	一心一意包	0	1	1	0	0
1	心心相印包	0	1	1	0	0
1	飞火流星包	0	1	1	0	0
1	浪漫星雨包	0	1	1	0	0
1	绮梦幻想包	0	1	1	0	0
1	长空火舞包	0	1	1	0	0
1	如雾似梦包	0	1	1	0	0
1	一星龙珠	0	1	1	0	0
1	二星龙珠	0	1	1	0	0
1	三星龙珠	0	1	1	0	0
1	四星龙珠	0	1	1	0	0
1	五星龙珠	0	1	1	0	0
1	六星龙珠	0	1	1	0	0
1	七星龙珠	0	1	1	0	0
1	八星龙珠	0	1	1	0	0
1	九星龙珠	0	1	1	0	0
1	肉	0	1	1	0	0
1	鸡肉	0	1	1	0	0
1	狐月山船票	0	1	1	0	0
1	玉石碎片A	0	1	1	0	0
1	玉石碎片B	0	1	1	0	0
1	无尽塔信物	0	1	1	0	0
1	血剑碎片	0	1	1	0	0
1	许中医的药	0	1	1	0	0
1	蛆卵	0	1	1	0	0
1	薄荷叶	0	1	1	0	0
1	食人树叶	0	1	1	0	0
1	毒蜘蛛牙齿	0	1	1	0	0
1	蝎子尾巴	0	1	1	0	0
1	食人树果实	0	1	1	0	0
1	铜矿	0	1	1	0	0
1	铁矿	0	1	1	0	0
1	银矿	0	1	1	0	0
1	金矿	0	1	1	0	0
1	黑铁矿石	0	1	1	0	0
1	绿宝石矿	0	1	1	0	0
1	紫水晶矿	0	1	1	0	0
1	沃玛号角	0	1	1	0	0
1	祖玛头像	0	1	1	0	0
1	玉水晶	0	1	1	0	0
1	红蛇果	0	1	1	0	0
1	勋章之心	0	1	1	0	0
1	骰子	0	1	1	0	0
1	木料	0	1	1	0	0
1	佛牌	0	1	1	0	0
1	筹码	0	1	1	0	0
1	幻境凭证	0	1	1	0	0
1	赤月恶魔油	0	1	1	0	0
1	药剂师的信	0	1	1	0	0
5	神秘头盔	0	1	1	0	0
5	神秘戒指	0	1	1	0	0
5	神秘腰带	0	1	1	0	0
5	祈祷头盔	0	1	1	0	0
5	祈祷项链	0	1	1	0	0
5	祈祷手镯	0	1	1	0	0
5	祈祷戒指	0	1	1	0	0
5	记忆头盔	0	1	1	0	0
5	记忆项链	0	1	1	0	0
5	记忆手镯	0	1	1	0	0
5	记忆戒指	0	1	1	0	0
5	幽灵项链	0	1	1	0	0
5	幽灵手套	0	1	1	0	0
5	龙之戒指	0	1	1	0	0
5	生命项链	0	1	1	0	0
5	思贝儿手镯	0	1	1	0	0
5	红宝石戒指	0	1	1	0	0
5	天珠项链	0	1	1	0	0
5	心灵手镯	0	1	1	0	0
5	铂金戒指	0	1	1	0	0
5	黑铁头盔	0	1	1	0	0
5	绿色项链	0	1	1	0	0
5	骑士手镯	0	1	1	0	0
5	阎罗手套	0	1	1	0	0
5	力量戒指	0	1	1	0	0
5	恶魔铃铛	0	1	1	0	0
5	龙之手镯	0	1	1	0	0
5	紫碧螺	0	1	1	0	0
5	灵魂项链	0	1	1	0	0
5	三眼手镯	0	1	1	0	0
5	泰坦戒指	0	1	1	0	0
5	魔血项链	0	1	1	0	0
5	魔血手镯	0	1	1	0	0
5	魔血戒指	0	1	1	0	0
5	虹魔项链	0	1	1	0	0
5	虹魔手镯	0	1	1	0	0
5	虹魔戒指	0	1	1	0	0
5	圣战头盔	0	1	1	0	0
5	圣战项链	0	1	1	0	0
5	圣战手镯	0	1	1	0	0
5	圣战戒指	0	1	1	0	0
5	法神头盔	0	1	1	0	0
5	法神项链	0	1	1	0	0
5	法神手镯	0	1	1	0	0
5	法神戒指	0	1	1	0	0
5	天尊头盔	0	1	1	0	0
5	天尊项链	0	1	1	0	0
5	天尊手镯	0	1	1	0	0
5	天尊戒指	0	1	1	0	0
3	雷霆战甲(男)	0	1	1	0	0
3	雷霆战甲(女)	0	1	1	0	0
3	烈焰魔衣(男)	0	1	1	0	0
3	烈焰魔衣(女)	0	1	1	0	0
3	光芒道袍(男)	0	1	1	0	0
3	光芒道袍(女)	0	1	1	0	0
4	开天	0	1	1	0	0
5	战神项链	0	1	1	0	0
5	战神手镯	0	1	1	0	0
5	战神戒指	0	1	1	0	0
4	镇天	0	1	1	0	0
5	圣魔项链	0	1	1	0	0
5	圣魔手镯	0	1	1	0	0
5	圣魔戒指	0	1	1	0	0
4	玄天	0	1	1	0	0
5	真魂项链	0	1	1	0	0
5	真魂手镯	0	1	1	0	0
5	真魂戒指	0	1	1	0	0
3	凤天魔甲	0	1	1	0	0
3	凰天魔衣	0	1	1	0	0
3	天龙火衣(男)	0	1	1	0	0
3	天龙火衣(女)	0	1	1	0	0
4	天龙神剑	0	1	1	0	0
4	黄金裁决11	0	1	1	0	0
5	狂雷战盔	0	1	1	0	0
5	狂雷项链	0	1	1	0	0
5	狂雷战戒	0	1	1	0	0
5	狂雷护腕	0	1	1	0	0
7	狂雷腰带	0	1	1	0	0
7	狂雷战靴	0	1	1	0	0
4	紫金嗜魂法杖11	0	1	1	0	0
5	逆火魔盔	0	1	1	0	0
5	逆火项链	0	1	1	0	0
5	逆火魔戒	0	1	1	0	0
5	逆火护腕	0	1	1	0	0
7	逆火腰带	0	1	1	0	0
7	逆火魔靴	0	1	1	0	0
4	赤金逍遥扇11	0	1	1	0	0
5	通云道盔	0	1	1	0	0
5	通云项链	0	1	1	0	0
5	通云道戒	0	1	1	0	0
5	通云护腕	0	1	1	0	0
7	通云腰带	0	1	1	0	0
7	通云道靴	0	1	1	0	0
4	炎龙刃	0	1	1	0	0
5	炎龙战盔	0	1	1	0	0
5	炎龙项链	0	1	1	0	0
5	炎龙战戒	0	1	1	0	0
5	炎龙护腕	0	1	1	0	0
7	炎龙腰带	0	1	1	0	0
7	炎龙战靴	0	1	1	0	0
4	雷龙杖	0	1	1	0	0
5	雷龙魔盔	0	1	1	0	0
5	雷龙项链	0	1	1	0	0
5	雷龙魔戒	0	1	1	0	0
5	雷龙护腕	0	1	1	0	0
7	雷龙腰带	0	1	1	0	0
7	雷龙魔靴	0	1	1	0	0
4	青龙刺	0	1	1	0	0
5	青龙道盔	0	1	1	0	0
5	青龙项链	0	1	1	0	0
5	青龙道戒	0	1	1	0	0
5	青龙护腕	0	1	1	0	0
7	青龙腰带	0	1	1	0	0
7	青龙道靴	0	1	1	0	0
3	御龙盔甲(男)	0	1	1	0	0
3	御龙盔甲(女)	0	1	1	0	0
4	王者之杖	0	1	1	0	0
4	王者之剑	0	1	1	0	0
4	王者之刃	0	1	1	0	0
3	王者战甲(男)	0	1	1	0	0
3	王者战甲(女)	0	1	1	0	0
3	王者魔衣(男)	0	1	1	0	0
3	王者魔衣(女)	0	1	1	0	0
3	王者道袍(男)	0	1	1	0	0
3	王者道袍(女)	0	1	1	0	0
4	赤明神剑	0	1	1	0	0
3	荣耀盔甲(男)	0	1	1	0	0
3	荣耀盔甲(女)	0	1	1	0	0
4	倚天	0	1	1	0	0
5	倚天头盔	0	1	1	0	0
5	倚天项链	0	1	1	0	0
5	倚天护腕	0	1	1	0	0
5	倚天戒指	0	1	1	0	0
7	倚天腰带	0	1	1	0	0
7	倚天靴子	0	1	1	0	0
3	倚天神甲(男)	0	1	1	0	0
3	倚天神甲(女)	0	1	1	0	0
7	倚天勋章	0	1	1	0	0
3	辉煌神甲(男)	0	1	1	0	0
3	辉煌神甲(女)	0	1	1	0	0
4	GM武器	0	1	1	0	0
4	热血之刃	0	1	1	0	0
4	紫金逍遥扇11	0	1	1	0	0
4	黄金屠龙	0	1	1	0	0
4	龙炎之刃	0	1	1	0	0
4	传奇之刃	0	1	1	0	0
1	赞助斗笠	0	1	1	0	0
5	星王战盔	0	1	1	0	0
5	星王战链	0	1	1	0	0
5	星王战腕	0	1	1	0	0
5	星王战戒	0	1	1	0	0
7	星王战靴	0	1	1	0	0
7	星王战带	0	1	1	0	0
5	预言头盔	0	1	1	0	0
5	狂风项链	0	1	1	0	0
5	寂静之手	0	1	1	0	0
5	狂风戒指	0	1	1	0	0
7	传说靴子	0	1	1	0	0
7	誓言腰带	0	1	1	0	0
1	固本培元	0	1	1	0	0
7	传奇之心	0	1	1	0	0
1	负重宝石0	0	1	1	0	0
1	负重宝石1	0	1	1	0	0
1	负重宝石2	0	1	1	0	0
1	负重宝石3	0	1	1	0	0
1	负重宝石4	0	1	1	0	0
1	负重宝石5	0	1	1	0	0
1	负重宝石6	0	1	1	0	0
1	负重宝石7	0	1	1	0	0
1	负重宝石8	0	1	1	0	0
1	负重宝石9	0	1	1	0	0
1	负重宝石10	0	1	1	0	0
1	负重宝石11	0	1	1	0	0
1	负重宝石12	0	1	1	0	0
1	负重宝石13	0	1	1	0	0
1	负重宝石14	0	1	1	0	0
1	负重宝石15	0	1	1	0	0
1	负重宝石16	0	1	1	0	0
1	负重宝石17	0	1	1	0	0
1	负重宝石18	0	1	1	0	0
1	负重宝石19	0	1	1	0	0
1	负重宝石20	0	1	1	0	0
1	格挡	0	1	1	0	0
1	诱惑之光宠物蛋	0	1	1	0	0
1	基本剑术-疾风	0	1	1	0	0
1	基本剑术-灵巧	0	1	1	0	0
1	基本剑术-锐利	0	1	1	0	0
1	基本剑术-巧手	0	1	1	0	0
1	攻杀剑术-雷霆	0	1	1	0	0
1	攻杀剑术-盛宴	0	1	1	0	0
1	攻杀剑术-粉碎	0	1	1	0	0
1	攻杀剑术-回音	0	1	1	0	0
1	刺杀剑术-邪光	0	1	1	0	0
1	刺杀剑术-破魔	0	1	1	0	0
1	刺杀剑术-瘫痪	0	1	1	0	0
1	刺杀剑术-波动	0	1	1	0	0
1	格挡-嘲讽	0	1	1	0	0
1	格挡-盾反	0	1	1	0	0
1	格挡-蓄势	0	1	1	0	0
1	格挡-吸收	0	1	1	0	0
1	半月弯刀-抱月	0	1	1	0	0
1	半月弯刀-固月	0	1	1	0	0
1	半月弯刀-血月	0	1	1	0	0
1	半月弯刀-灵月	0	1	1	0	0
1	烈火剑法-流星	0	1	1	0	0
1	烈火剑法-怒焰	0	1	1	0	0
1	烈火剑法-焚烧	0	1	1	0	0
1	烈火剑法-缴械	0	1	1	0	0
1	雷电术-双降雷	0	1	1	0	0
1	雷电术-摄魂雷	0	1	1	0	0
1	雷电术-灭魂雷	0	1	1	0	0
1	雷电术-麻痹雷	0	1	1	0	0
1	大火球-多重火球	0	1	1	0	0
1	大火球-死亡火球	0	1	1	0	0
1	大火球-点燃	0	1	1	0	0
1	大火球-神火	0	1	1	0	0
1	诱惑之光-傀儡术	0	1	1	0	0
1	诱惑之光-魅惑	0	1	1	0	0
1	诱惑之光-灵光	0	1	1	0	0
1	诱惑之光-鞭挞	0	1	1	0	0
1	火墙-蔓延	0	1	1	0	0
1	火墙-轰燃	0	1	1	0	0
1	火墙-冰焰	0	1	1	0	0
1	火墙-踏火	0	1	1	0	0
1	魔法盾-强身	0	1	1	0	0
1	魔法盾-灵盾	0	1	1	0	0
1	魔法盾-两仪	0	1	1	0	0
1	魔法盾-火甲	0	1	1	0	0
1	冰咆哮-冰爆	0	1	1	0	0
1	冰咆哮-急冻	0	1	1	0	0
1	冰咆哮-冰魄	0	1	1	0	0
1	冰咆哮-冰雨	0	1	1	0	0
1	精神力战法-灵剑	0	1	1	0	0
1	精神力战法-明神	0	1	1	0	0
1	精神力战法-天罡	0	1	1	0	0
1	精神力战法-疯魔剑法	0	1	1	0	0
1	灵魂火符-六道	0	1	1	0	0
1	灵魂火符-式纸	0	1	1	0	0
1	灵魂火符-裂神	0	1	1	0	0
1	灵魂火符-神速	0	1	1	0	0
1	召唤骷髅-并列	0	1	1	0	0
1	召唤骷髅-傀儡术	0	1	1	0	0
1	召唤骷髅-骷髅武士	0	1	1	0	0
1	召唤骷髅-骷髅法师	0	1	1	0	0
1	施毒术-吝啬	0	1	1	0	0
1	施毒术-厄难毒体	0	1	1	0	0
1	施毒术-感染	0	1	1	0	0
1	施毒术-七步断肠	0	1	1	0	0
1	神圣战甲术-固化	0	1	1	0	0
1	神圣战甲术-强化	0	1	1	0	0
1	幽灵盾-祈福	0	1	1	0	0
1	幽灵盾-祝福	0	1	1	0	0
1	天机宝典	0	1	1	0	0
1	玛法主宰者	0	1	1	0	0
1	赞助卷	0	1	1	0	0
7	荣誉勋章66号	0	1	1	0	0
1	命运之血	0	1	1	0	0
1	牛牛牛	0	1	1	0	0
1	未知项链	0	1	1	0	0
1	金蛇手镯	0	1	1	0	0
1	黄金戒指	0	1	1	0	0
1	道圣信物	0	1	1	0	0
1	力量指环	0	1	1	0	0
1	陨石戒指	0	1	1	0	0
7	乾坤腰带	0	1	1	0	0
7	乾坤靴子	0	1	1	0	0
1	白玉为堂金做马	0	1	1	0	0
1	是非成败转头空	0	1	1	0	0
1	雁行零落悲秋风	0	1	1	0	0
1	稻草之心	0	1	1	0	0
1	多钩猫肉	0	1	1	0	0
1	钉耙猫油	0	1	1	0	0
1	精灵双镯[左]	0	1	1	0	0
1	精灵双镯[右]	0	1	1	0	0
1	尸王的意志	0	1	1	0	0
1	尸骨未寒	0	1	1	0	0
3	钳铁甲(男)	0	1	1	0	0
3	钳铁甲(女)	0	1	1	0	0
1	巨钳	0	1	1	0	0
1	毒龙勋	0	1	1	0	0
1	宠物蛋	0	1	1	0	0
1	小球	0	1	1	0	0
1	毒瘴(男)	0	1	1	0	0
1	毒瘴(女)	0	1	1	0	0
7	镇教印	0	1	1	0	0
1	沃玛神教核心	0	1	1	0	0
1	祖玛圣魂雕像	0	1	1	0	0
1	羊刀	0	1	1	0	0
5	雷霆项链	0	1	1	0	0
5	雷霆护腕	0	1	1	0	0
5	雷霆战戒	0	1	1	0	0
7	雷霆战靴	0	1	1	0	0
7	雷霆腰带	0	1	1	0	0
5	圣龙盔	0	1	1	0	0
5	烈焰项链	0	1	1	0	0
5	烈焰护腕	0	1	1	0	0
5	烈焰魔戒	0	1	1	0	0
7	烈焰魔靴	0	1	1	0	0
7	烈焰腰带	0	1	1	0	0
5	魔龙盔	0	1	1	0	0
5	光芒项链	0	1	1	0	0
5	光芒护腕	0	1	1	0	0
5	光芒道戒	0	1	1	0	0
7	光芒道靴	0	1	1	0	0
7	光芒腰带	0	1	1	0	0
5	天龙盔	0	1	1	0	0
1	暗之精华	0	1	1	0	0
1	石墓扳指	0	1	1	0	0
1	召唤神兽-迅捷	0	1	1	0	0
1	召唤神兽-双生暗影	0	1	1	0	0
1	召唤神兽-攻击姿态	0	1	1	0	0
1	召唤神兽-巨大化	0	1	1	0	0
5	圣战婚戒	0	1	1	0	0
1	黄泉战链	0	1	1	0	0
1	黄泉法链	0	1	1	0	0
1	黄泉道链	0	1	1	0	0
1	牛魔祭祀幼体	0	1	1	0	0
1	牛魔将军幼体	0	1	1	0	0
1	牛魔法师幼体	0	1	1	0	0
1	牛魔王幼体	0	1	1	0	0
1	地藏菩萨本愿经残页	0	1	1	0	0
1	地藏菩萨本愿经副本	0	1	1	0	0
1	地藏菩萨本愿经-凡	0	1	1	0	0
1	鸭脖	0	1	1	0	0
1	流星火雨-三环	0	1	1	0	0
1	流星火雨-魔次	0	1	1	0	0
1	流星火雨-灼烧	0	1	1	0	0
1	流星火雨-混乱之雨	0	1	1	0	0
1	血魔头	0	1	1	0	0
1	金刚心	0	1	1	0	0
1	玻璃沙	0	1	1	0	0
1	玻璃珠	0	1	1	0	0
1	赤月恶魔甲(女)	0	1	1	0	0
1	赤月恶魔甲(男)	0	1	1	0	0
5	怒之虹魔项链	0	1	1	0	0
5	怒之虹魔手镯	0	1	1	0	0
5	怒之虹魔戒指	0	1	1	0	0
5	静之虹魔项链	0	1	1	0	0
5	静之虹魔手镯	0	1	1	0	0
5	静之虹魔戒指	0	1	1	0	0
1	魔龙信物-消耗	0	1	1	0	0
1	魔龙教主的手信	0	1	1	0	0
1	魔龙角	0	1	1	0	0
1	开天斩-剧毒斩	0	1	1	0	0
1	开天斩-质朴	0	1	1	0	0
1	开天斩-舍命	0	1	1	0	0
1	开天斩-麻痹斩	0	1	1	0	0
1	专注杀戮	0	1	1	0	0
1	奥术智慧	0	1	1	0	0
1	通感：暴击	0	1	1	0	0
1	元素点燃	0	1	1	0	0
1	花心之术	0	1	1	0	0
1	魔龙征服者	0	1	1	0	0
1	魔龙内丹	0	1	1	0	0
1	教皇冠冕	0	1	1	0	0
1	魔龙深渊精华	0	1	1	0	0
1	1魔龙贡献点	0	1	1	0	0
1	10魔龙贡献点	0	1	1	0	0
1	100魔龙贡献点	0	1	1	0	0
1	深渊魔龙角	0	1	1	0	0
1	世界树叶锻造书	0	1	1	0	0
1	世界树叶	0	1	1	0	0
7	战神靴	0	1	1	0	0
7	战神腰	0	1	1	0	0
5	战神盔	0	1	1	0	0
7	圣魔靴	0	1	1	0	0
7	圣魔腰	0	1	1	0	0
5	圣魔盔	0	1	1	0	0
7	真魂靴	0	1	1	0	0
7	真魂腰	0	1	1	0	0
5	真魂盔	0	1	1	0	0
1	雷炎深渊精华	0	1	1	0	0
5	星王魔盔	0	1	1	0	0
5	星王魔链	0	1	1	0	0
5	星王魔腕	0	1	1	0	0
5	星王魔戒	0	1	1	0	0
7	星王魔靴	0	1	1	0	0
7	星王魔带	0	1	1	0	0
5	星王道盔	0	1	1	0	0
5	星王道链	0	1	1	0	0
5	星王道腕	0	1	1	0	0
5	星王道戒	0	1	1	0	0
7	星王道靴	0	1	1	0	0
7	星王道带	0	1	1	0	0
1	蛛丝软垫	0	1	1	0	0
1	雷炎蛛王的深渊之力	0	1	1	0	0
1	魔龙教皇的深渊之力	0	1	1	0	0
1	富贵之心	0	1	1	0	0
1	火龙怒焰	0	1	1	0	0
1	至死不渝的爱	0	1	1	0	0
1	王之财宝	0	1	1	0	0
1	苦痛的深渊之力	0	1	1	0	0
3	星王战甲(男)	0	1	1	0	0
3	星王战甲(女)	0	1	1	0	0
3	星王魔衣(男)	0	1	1	0	0
3	星王魔衣(女)	0	1	1	0	0
3	星王道袍(男)	0	1	1	0	0
3	星王道袍(女)	0	1	1	0	0
4	星王战剑	0	1	1	0	0
4	星王法剑	0	1	1	0	0
4	星王道剑	0	1	1	0	0
1	雪域深渊精华	0	1	1	0	0
1	大魔王的心	0	1	1	0	0
1	小魔王的肝	0	1	1	0	0
1	鹿角包	0	1	1	0	0
1	时间旅行者的背包	0	1	1	0	0
1	时间宝石	0	1	1	0	0
1	魔龙至尊骰神	0	1	1	0	0
4	狂雷战斧	0	1	1	0	0
4	逆火魔剑	0	1	1	0	0
4	通云道扇	0	1	1	0	0
3	暗咒道袍(男)	0	1	1	0	0
3	暗咒道袍(女)	0	1	1	0	0
3	聚魔法衣(男)	0	1	1	0	0
3	聚魔法衣(女)	0	1	1	0	0
3	虎啸战甲(男)	0	1	1	0	0
3	虎啸战甲(女)	0	1	1	0	0
7	命运之勋	0	1	1	0	0
1	通感：暴伤	0	1	1	0	0
7	盘龙	0	1	1	0	0
1	石原深渊精华	0	1	1	0	0
1	陵墓深渊精华	0	1	1	0	0
1	妙尔尼尔	0	1	1	0	0
1	称号卷：公主病	0	1	1	0	0
1	公主病	0	1	1	0	0
1	现实宝石	0	1	1	0	0
1	巨怪锁链	0	1	1	0	0
1	沙漠珍宝	0	1	1	0	0
1	装备升级石	0	1	1	0	0
1	装备进阶石	0	1	1	0	0
6	将军令	0	1	1	0	0
1	成就点	0	1	1	0	0
1	魔龙统治者	0	1	1	0	0
1	魔龙之王	0	1	1	0	0
5	王者战盔	0	1	1	0	0
5	王者战链	0	1	1	0	0
5	王者战戒	0	1	1	0	0
5	王者战腕	0	1	1	0	0
7	王者战靴	0	1	1	0	0
7	王者战带	0	1	1	0	0
5	王者魔盔	0	1	1	0	0
5	王者魔链	0	1	1	0	0
5	王者魔戒	0	1	1	0	0
5	王者魔腕	0	1	1	0	0
7	王者魔靴	0	1	1	0	0
7	王者魔带	0	1	1	0	0
5	王者道盔	0	1	1	0	0
5	王者道链	0	1	1	0	0
5	王者道戒	0	1	1	0	0
5	王者道腕	0	1	1	0	0
7	王者道靴	0	1	1	0	0
7	王者道带	0	1	1	0	0
1	乌利亚斯的手枪[左]	0	1	1	0	0
1	乌利亚斯的手枪[右]	0	1	1	0	0
1	花心之术-暴躁	0	1	1	0	0
1	花心之术-妻妾成群	0	1	1	0	0
1	花心之术-不死于徒手	0	1	1	0	0
1	花心之术-不稳定发挥	0	1	1	0	0
1	战神的天袭项链	0	1	1	0	0
1	战神的天袭手镯	0	1	1	0	0
1	战神的天袭戒指	0	1	1	0	0
1	狐月深渊精华	0	1	1	0	0
1	天心	0	1	1	0	0
1	小白	0	1	1	0	0
1	小红	0	1	1	0	0
1	大壮	0	1	1	0	0
5	光明哨兵纹章	0	1	1	0	0
1	十死无生	0	1	1	0	0
1	百死莫赎	0	1	1	0	0
1	千死敢当	0	1	1	0	0
1	万死莫辞	0	1	1	0	0
1	六六大顺	0	1	1	0	0
1	裸杀	0	1	1	0	0
1	积跬步	0	1	1	0	0
1	险胜	0	1	1	0	0
1	精铁石	0	1	1	0	0
1	进阶石	0	1	1	0	0
1	白玉	0	1	1	0	0
1	彩玉	0	1	1	0	0
1	逐日剑法-卸甲	0	1	1	0	0
1	逐日剑法-双重打击	0	1	1	0	0
1	逐日剑法-八重	0	1	1	0	0
1	逐日剑法-鲜红	0	1	1	0	0
1	铁树枝干	0	1	1	0	0
1	小木盾	0	1	1	0	0
1	生命血瓶	0	1	1	0	0
1	生命之草	0	1	1	0	0
1	木之灵杖	0	1	1	0	0
1	自然的祝福	0	1	1	0	0
1	攻击之爪	0	1	1	0	0
1	火焰之球	0	1	1	0	0
1	火焰之爪	0	1	1	0	0
1	灼热之剑	0	1	1	0	0
1	骷髅盾	0	1	1	0	0
1	骷髅之杖	0	1	1	0	0
1	野兽之爪	0	1	1	0	0
1	骨质胸甲	0	1	1	0	0
1	不死徽章	0	1	1	0	0
1	国王之剑	0	1	1	0	0
1	国王之冠	0	1	1	0	0
1	国王之鞋	0	1	1	0	0
1	国王之盾	0	1	1	0	0
1	国王战甲	0	1	1	0	0
1	王者风范	0	1	1	0	0
1	敏捷之鞋	0	1	1	0	0
1	硬木弓	0	1	1	0	0
1	敏捷之弓	0	1	1	0	0
1	魔法球	0	1	1	0	0
1	魔法护符	0	1	1	0	0
1	魔法面罩	0	1	1	0	0
1	魔力银瓶	0	1	1	0	0
1	生命之戒	0	1	1	0	0
1	治疗之戒	0	1	1	0	0
1	铁杆剑	0	1	1	0	0
1	蓝色斗篷	0	1	1	0	0
1	破盾	0	1	1	0	0
1	腐蚀头盔	0	1	1	0	0
1	乌木号角	0	1	1	0	0
1	硬皮甲	0	1	1	0	0
1	龙鳞甲	0	1	1	0	0
1	龙之心	0	1	1	0	0
1	龙甲	0	1	1	0	0
1	小法杖	0	1	1	0	0
1	心灵权杖	0	1	1	0	0
1	法师长袍	0	1	1	0	0
1	麦迪文的魔法草纸	0	1	1	0	0
1	灵魂之珠	0	1	1	0	0
1	大魔法师巫杖	0	1	1	0	0
1	光之戒	0	1	1	0	0
1	光之铠	0	1	1	0	0
1	光之腰	0	1	1	0	0
1	光之矛	0	1	1	0	0
1	光之链	0	1	1	0	0
1	光之套装	0	1	1	0	0
1	银锋斧	0	1	1	0	0
1	死亡面罩	0	1	1	0	0
1	力量斧头	0	1	1	0	0
1	邪恶头盔	0	1	1	0	0
1	生命徽章	0	1	1	0	0
1	魔法徽章	0	1	1	0	0
1	勇士徽章	0	1	1	0	0
1	玄铁锤	0	1	1	0	0
1	闪电之球	0	1	1	0	0
1	急速拳套	0	1	1	0	0
1	雷电战锤	0	1	1	0	0
1	坚韧的腰带	0	1	1	0	0
1	剑刃护甲	0	1	1	0	0
1	抗性头巾	0	1	1	0	0
1	不屈之铠	0	1	1	0	0
1	光之圣翼	0	1	1	0	0
5	金牛战盔	0	1	1	0	0
5	金牛战链	0	1	1	0	0
5	金牛战戒	0	1	1	0	0
5	金牛战腕	0	1	1	0	0
7	金牛战靴	0	1	1	0	0
7	金牛战带	0	1	1	0	0
5	金牛魔盔	0	1	1	0	0
5	金牛魔链	0	1	1	0	0
5	金牛魔戒	0	1	1	0	0
5	金牛魔腕	0	1	1	0	0
7	金牛魔靴	0	1	1	0	0
7	金牛魔带	0	1	1	0	0
5	金牛道盔	0	1	1	0	0
5	金牛道链	0	1	1	0	0
5	金牛道戒	0	1	1	0	0
5	金牛道腕	0	1	1	0	0
7	金牛道靴	0	1	1	0	0
7	金牛道带	0	1	1	0	0
4	黄金裁决	0	1	1	0	0
4	紫金嗜魂法杖	0	1	1	0	0
4	赤金逍遥扇	0	1	1	0	0
3	金牛战甲(男)	0	1	1	0	0
3	金牛战甲(女)	0	1	1	0	0
3	金牛魔衣(男)	0	1	1	0	0
3	金牛魔衣(女)	0	1	1	0	0
3	金牛道袍(男)	0	1	1	0	0
3	金牛道袍(女)	0	1	1	0	0
7	金牛战勋	0	1	1	0	0
7	金牛魔勋	0	1	1	0	0
7	金牛道勋	0	1	1	0	0
2	麝香正气水	0	1	1	0	0
1	瘟疫深渊精华	0	1	1	0	0
5	瘟疫元素·火	0	1	1	0	0
5	瘟疫元素·冰	0	1	1	0	0
5	瘟疫元素·毒	0	1	1	0	0
5	瘟疫元素·雷	0	1	1	0	0
5	瘟疫元素之心	0	1	1	0	0
1	瘟疫元素之心设计图	0	1	1	0	0
7	瘟疫麻痹之力	0	1	1	0	0
1	瘟疫麻痹之力设计图	0	1	1	0	0
1	使者的弯刀	0	1	1	0	0
1	金蟾的毒腺	0	1	1	0	0
1	鱼人的利齿	0	1	1	0	0
1	火鸟的羽毛	0	1	1	0	0
1	弩手的玉佩	0	1	1	0	0
1	统率者(男)	0	1	1	0	0
1	统率者(女)	0	1	1	0	0
1	阎罗天子令	0	1	1	0	0
1	孽镜台	0	1	1	0	0
1	楚江刑狱	0	1	1	0	0
1	黑绳天谴明王	0	1	1	0	0
1	堰肩刷皮	0	1	1	0	0
1	望乡台	0	1	1	0	0
1	称号卷：包青天	0	1	1	0	0
1	剥皮揎草	0	1	1	0	0
1	泰山府君祭	0	1	1	0	0
1	刀山火海	0	1	1	0	0
1	阿鼻无间	0	1	1	0	0
1	酆都王冠	0	1	1	0	0
1	孽镜台设计图	0	1	1	0	0
1	寿夭生死册设计图	0	1	1	0	0
5	寿夭生死册	0	1	1	0	0
5	酒是穿肠药	0	1	1	0	0
5	色是刮骨刀	0	1	1	0	0
5	财是祸根苗	0	1	1	0	0
5	气是雷烟炮	0	1	1	0	0
5	万恶之心	0	1	1	0	0
5	天师度	0	1	1	0	0
5	阴五雷法	0	1	1	0	0
5	阳五雷法	0	1	1	0	0
5	科技	0	1	1	0	0
5	怪力	0	1	1	0	0
1	蓝银草	0	1	1	0	0
1	酒色财气歌	0	1	1	0	0
1	金币	0	1	1	0	0
1	干瘪的心脏[未激活]	1	1	1	1	1
1	跳动的心脏[未激活]	1	1	1	1	1
1	跳动的心脏[完整]	1	1	1	1	1
1	火龙神的牙齿	1	1	1	1	1
1	弧月天珠的结晶	1	1	1	1	1
1	沙漠领主的蘑菇	1	1	1	1	1
1	瘟疫统帅的蛋蛋	1	1	1	1	1
1	雪域魔王的眼球	1	1	1	1	1
