;怪物名	忽视防御(0~100)	增加伤害(0~255)	伤害反弹(0~100)	物伤减少(0~100)	魔伤减少(0~100)	麻痹-几率-时间(0~1	0~10	0~10)	防麻痹(0~1)	防全毒(0~1)	防火墙(0~1)	防诱惑(0~1)	破复活(0~1)	破护身(0~1)	冰冻-几率-时间(0~1	0~10	0~10)	防冰冻(0-1)	蛛网-几率-时间(0~1	0~10	0~10)	防蛛网(0-1) 暴击抗性(0~1000) 攻击伤害抗性(0~1000)
蓝银花 0 0 0 25 50 0 0 0 0 0 0 0 0 0 0 0 0 0 0 0 0 0 30 50
阿拉蕾 0 0 0 45 70 0 0 0 0 0 0 0 0 0 0 0 0 0 0 0 0 0 50 100
怪博士 0 0 0 45 70 0 0 0 0 0 0 0 0 0 0 0 0 0 0 0 0 0 50 100
刮骨刀·夏禾 0 0 0 50 80 0 0 0 0 0 0 0 0 0 0 0 0 0 0 0 0 0 50 100
穿肠毒·窦梅 0 0 0 50 80 0 0 0 0 0 0 0 0 0 0 0 0 0 0 0 0 0 50 100
雷烟炮·高宁 0 0 0 50 80 0 0 0 0 0 0 0 0 0 0 0 0 0 0 0 0 0 50 100
祸根苗·沈冲 0 0 0 50 80 0 0 0 0 0 0 0 0 0 0 0 0 0 0 0 0 0 50 100
秦广王·蒋 0 0 0 50 80 0 0 0 0 0 0 0 0 0 0 0 0 0 0 0 0 0 50 100
楚江王·历 0 0 0 50 80 0 0 0 0 0 0 0 0 0 0 0 0 0 0 0 0 0 50 100
宋帝王·余 0 0 0 50 80 0 0 0 0 0 0 0 0 0 0 0 0 0 0 0 0 0 50 100
五官王·吕 0 0 0 50 80 0 0 0 0 0 0 0 0 0 0 0 0 0 0 0 0 0 50 100
阎罗天子·包 0 0 0 50 80 0 0 0 0 0 0 0 0 0 0 0 0 0 0 0 0 0 50 100
卞城王·毕 0 0 0 50 80 0 0 0 0 0 0 0 0 0 0 0 0 0 0 0 0 0 50 100
泰山王·董 0 0 0 50 80 0 0 0 0 0 0 0 0 0 0 0 0 0 0 0 0 0 50 100
都市王·黄 0 0 0 50 80 0 0 0 0 0 0 0 0 0 0 0 0 0 0 0 0 0 50 100
平等王·陆 0 0 0 50 80 0 0 0 0 0 0 0 0 0 0 0 0 0 0 0 0 0 50 100
转轮王·薛 0 0 0 50 80 0 0 0 0 0 0 0 0 0 0 0 0 0 0 0 0 0 50 100
万恶之源 0 0 0 50 90 0 0 0 0 0 0 0 0 0 0 0 0 0 0 0 0 0 50 100
天师·孙恩 0 0 0 60 90 0 0 0 1 0 0 0 1 0 0 0 0 0 0 0 0 0 100 150
瘟疫火鸟 0 0 0 20 25 0 0 0 0 0 0 0 0 0 0 0 0 0 0 0 0 0
瘟疫毒牙 0 0 0 15 20 0 0 0 0 0 0 0 0 0 0 0 0 0 0 0 0 0
瘟疫金蟾 0 0 0 15 20 0 0 0 0 0 0 0 0 0 0 0 0 0 0 0 0 0
瘟疫鱼人 0 0 0 15 20 0 0 0 0 0 0 0 0 0 0 0 0 0 0 0 0 0
瘟疫蘑菇 0 0 0 15 20 0 0 0 0 0 0 0 0 0 0 0 0 0 0 0 0 0
瘟疫使者 0 0 0 15 20 0 0 0 0 0 0 0 0 0 0 0 0 0 0 0 0 0
瘟疫长老·火 0 0 0 25 30 0 0 0 0 0 0 0 0 0 0 0 0 0 0 0 0 0
瘟疫统帅 0 0 0 35 40 0 0 0 0 0 0 0 0 0 0 0 0 0 0 0 0 0
瘟疫长老·冰 0 0 0 25 30 0 0 0 0 0 0 0 0 0 0 0 0 0 0 0 0 0
瘟疫长老·雷 0 0 0 25 30 0 0 0 0 0 0 0 0 0 0 0 0 0 0 0 0 0
瘟疫长老·毒 0 0 0 25 30 0 0 0 0 0 0 0 0 0 0 0 0 0 0 0 0 0
瘟疫弩手 0 0 0 20 25 0 0 0 0 0 0 0 0 0 0 0 0 0 0 0 0 0
深渊瘟疫火鸟 0 0 0 25 30 0 0 0 0 0 0 0 0 0 0 0 0 0 0 0 0 0
深渊瘟疫毒牙 0 0 0 20 25 0 0 0 0 0 0 0 0 0 0 0 0 0 0 0 0 0
深渊瘟疫金蟾 0 0 0 20 25 0 0 0 0 0 0 0 0 0 0 0 0 0 0 0 0 0
深渊瘟疫鱼人 0 0 0 20 25 0 0 0 0 0 0 0 0 0 0 0 0 0 0 0 0 0
深渊瘟疫蘑菇 0 0 0 20 25 0 0 0 0 0 0 0 0 0 0 0 0 0 0 0 0 0
深渊瘟疫使者 0 0 0 20 25 0 0 0 0 0 0 0 0 0 0 0 0 0 0 0 0 0
深渊瘟疫长老·火 0 0 0 35 40 0 0 0 0 0 0 0 0 0 0 0 0 0 0 0 0 0
深渊瘟疫统帅 0 0 0 45 50 0 0 0 0 0 0 0 0 0 0 0 0 0 0 0 0 0
深渊瘟疫长老·冰 0 0 0 35 40 0 0 0 0 0 0 0 0 0 0 0 0 0 0 0 0 0
深渊瘟疫长老·雷 0 0 0 35 40 0 0 0 0 0 0 0 0 0 0 0 0 0 0 0 0 0
深渊瘟疫长老·毒 0 0 0 35 40 0 0 0 0 0 0 0 0 0 0 0 0 0 0 0 0 0
深渊瘟疫弩手 0 0 0 25 30 0 0 0 0 0 0 0 0 0 0 0 0 0 0 0 0 0
风拳流小师弟 0 2 0 50 50 0 0 0 0 0 0 0 0 0 0 0 0 0 0 0 0 0
蜀山弟子 0 4 0 50 50 0 0 0 0 0 0 0 0 0 0 0 0 0 0 0 0 0
霸刀岳山 0 6 0 50 50 0 0 0 0 0 0 0 0 0 0 0 0 0 0 0 0 0
奇洛教授 0 8 0 50 50 0 0 0 0 0 0 0 0 0 0 0 0 0 0 0 0 0
巴恩·巴休特 0 10 0 50 50 0 0 0 0 0 0 0 0 0 0 0 0 0 0 0 0 0
剑圣·燕飞 0 12 0 50 50 0 0 0 0 0 0 0 0 0 0 0 0 0 0 0 0 0
剑圣·布万加 0 14 0 50 50 0 0 0 0 0 0 0 0 0 0 0 0 0 0 0 0 0
浪翻云 0 16 0 50 50 0 0 0 0 0 0 0 0 0 0 0 0 0 0 0 0 0
剑圣·西岚 0 18 0 50 50 0 0 0 0 0 0 0 0 0 0 0 0 0 0 0 0 0
剑圣·阿甘左 0 20 0 50 50 0 0 0 0 0 0 0 0 0 0 0 0 0 0 0 0 0
G·S·D 0 25 0 50 50 0 0 0 0 0 0 0 0 0 0 0 0 0 0 0 0 0
夏禾 0 25 0 50 50 0 0 0 0 0 0 0 0 0 0 0 0 0 0 0 0 0
赫敏·格兰杰 0 3 0 50 50 0 0 0 0 0 0 0 0 0 0 0 0 0 0 0 0 0
上杉谦信 0 6 0 50 50 0 0 0 0 0 0 0 0 0 0 0 0 0 0 0 0 0
食蜂操祈 0 9 0 50 50 0 0 0 0 0 0 0 0 0 0 0 0 0 0 0 0 0
神裂火织 0 12 0 50 50 0 0 0 0 0 0 0 0 0 0 0 0 0 0 0 0 0
艾斯德斯 0 15 0 50 50 0 0 0 0 0 0 0 0 0 0 0 0 0 0 0 0 0
恶性怪 0 0 0 15 20 0 0 0 0 0 0 0 0 0 0 0 0 0 0 0 0 0
触角神魔 0 0 0 15 20 0 0 0 0 0 0 0 0 0 0 0 0 0 0 0 0 0
法老 0 0 0 15 20 0 0 0 0 0 0 0 0 0 0 0 0 0 0 0 0 0
红衣法师 0 0 0 15 20 0 0 0 0 0 0 0 0 0 0 0 0 0 0 0 0 0
爆毒神魔 0 0 0 15 20 0 0 0 0 0 0 0 0 0 0 0 0 0 0 0 0 0
风魔 0 0 0 15 20 0 0 0 0 0 0 0 0 0 0 0 0 0 0 0 0 0
巨象兽 0 0 0 15 20 0 0 0 0 0 0 0 0 0 0 0 0 0 0 0 0 0
巨型沙虫 0 0 0 15 20 0 0 0 0 0 0 0 0 0 0 0 0 0 0 0 0 0
沙漠秃鹰 0 0 0 15 20 0 0 0 0 0 0 0 0 0 0 0 0 0 0 0 0 0
沙漠石人 0 0 0 15 20 0 0 0 0 0 0 0 0 0 0 0 0 0 0 0 0 0
迷途之人的怨念 0 0 0 20 25 0 0 0 0 0 0 0 0 0 0 0 0 0 0 0 0 0
沙漠行军蚁后 0 0 0 20 25 0 0 0 0 0 0 0 0 0 0 0 0 0 0 0 0 0
独行的烈焰法师 0 0 0 20 25 0 0 0 0 0 0 0 0 0 0 0 0 0 0 0 0 0
半兽人巡逻兵 0 0 0 15 20 0 0 0 0 0 0 0 0 0 0 0 0 0 0 0 0 0
半兽人矿工 0 0 0 15 20 0 0 0 0 0 0 0 0 0 0 0 0 0 0 0 0 0
半兽人长矛兵 0 0 0 15 20 0 0 0 0 0 0 0 0 0 0 0 0 0 0 0 0 0
半兽人狂战士 0 0 0 15 20 0 0 0 0 0 0 0 0 0 0 0 0 0 0 0 0 0
半兽人驯兽师 0 0 0 15 20 0 0 0 0 0 0 0 0 0 0 0 0 0 0 0 0 0
半兽人骑兵 0 0 0 15 20 0 0 0 0 0 0 0 0 0 0 0 0 0 0 0 0 0
半兽人巫医 0 0 0 15 20 0 0 0 0 0 0 0 0 0 0 0 0 0 0 0 0 0
半兽人厨师 0 0 0 15 20 0 0 0 0 0 0 0 0 0 0 0 0 0 0 0 0 0
半兽人战将 0 0 0 15 20 0 0 0 0 0 0 0 0 0 0 0 0 0 0 0 0 0
半兽人统帅 0 0 0 20 25 0 0 0 0 0 0 0 0 0 0 0 0 0 0 0 0 0
半兽人首领 0 0 0 25 30 0 0 0 0 0 0 0 0 0 0 0 0 0 0 0 0 0
兽人巨怪 0 0 0 25 30 0 0 0 0 0 0 0 0 0 0 0 0 0 0 0 0 0
沙漠公主 0 0 0 25 30 0 0 0 0 0 0 0 0 0 0 0 0 0 0 0 0 0
沙漠领主 0 0 0 35 40 0 0 0 0 0 0 0 0 0 0 0 0 0 0 0 0 0
简·福斯特 0 0 0 35 40 0 0 0 0 0 0 0 0 0 0 0 0 0 0 0 0 0
女雷神·简·福斯特 0 0 0 45 50 0 0 0 0 0 0 0 0 0 0 0 0 0 0 0 0 0
深渊石原恶性怪 0 0 0 20 25 0 0 0 0 0 0 0 0 0 0 0 0 0 0 0 0 0
深渊石原触角神魔 0 0 0 20 25 0 0 0 0 0 0 0 0 0 0 0 0 0 0 0 0 0
深渊石原法老 0 0 0 20 25 0 0 0 0 0 0 0 0 0 0 0 0 0 0 0 0 0
深渊石原红衣法师 0 0 0 20 25 0 0 0 0 0 0 0 0 0 0 0 0 0 0 0 0 0
深渊石原爆毒神魔 0 0 0 20 25 0 0 0 0 0 0 0 0 0 0 0 0 0 0 0 0 0
深渊石原风魔 0 0 0 20 25 0 0 0 0 0 0 0 0 0 0 0 0 0 0 0 0 0
深渊石原巨象兽 0 0 0 20 25 0 0 0 0 0 0 0 0 0 0 0 0 0 0 0 0 0
深渊石原巨型沙虫 0 0 0 20 25 0 0 0 0 0 0 0 0 0 0 0 0 0 0 0 0 0
深渊石原沙漠秃鹰 0 0 0 20 25 0 0 0 0 0 0 0 0 0 0 0 0 0 0 0 0 0
深渊石原沙漠石人 0 0 0 20 25 0 0 0 0 0 0 0 0 0 0 0 0 0 0 0 0 0
深渊石原迷途之人的怨念 0 0 0 25 30 0 0 0 0 0 0 0 0 0 0 0 0 0 0 0 0 0
深渊石原沙漠行军蚁后 0 0 0 25 30 0 0 0 0 0 0 0 0 0 0 0 0 0 0 0 0 0
深渊石原独行的烈焰法师 0 0 0 25 30 0 0 0 0 0 0 0 0 0 0 0 0 0 0 0 0 0
深渊陵墓半兽人巡逻兵 0 0 0 20 25 0 0 0 0 0 0 0 0 0 0 0 0 0 0 0 0 0
深渊陵墓半兽人矿工 0 0 0 20 25 0 0 0 0 0 0 0 0 0 0 0 0 0 0 0 0 0
深渊陵墓半兽人长矛兵 0 0 0 20 25 0 0 0 0 0 0 0 0 0 0 0 0 0 0 0 0 0
深渊陵墓半兽人狂战士 0 0 0 20 25 0 0 0 0 0 0 0 0 0 0 0 0 0 0 0 0 0
深渊陵墓半兽人驯兽师 0 0 0 20 25 0 0 0 0 0 0 0 0 0 0 0 0 0 0 0 0 0
深渊陵墓半兽人骑兵 0 0 0 20 25 0 0 0 0 0 0 0 0 0 0 0 0 0 0 0 0 0
深渊陵墓半兽人巫医 0 0 0 20 25 0 0 0 0 0 0 0 0 0 0 0 0 0 0 0 0 0
深渊陵墓半兽人厨师 0 0 0 20 25 0 0 0 0 0 0 0 0 0 0 0 0 0 0 0 0 0
深渊陵墓半兽人战将 0 0 0 20 25 0 0 0 0 0 0 0 0 0 0 0 0 0 0 0 0 0
深渊陵墓半兽人统帅 0 0 0 25 30 0 0 0 0 0 0 0 0 0 0 0 0 0 0 0 0 0
深渊陵墓半兽人首领 0 0 0 35 40 0 0 0 0 0 0 0 0 0 0 0 0 0 0 0 0 0
深渊陵墓兽人巨怪 0 0 0 35 40 0 0 0 0 0 0 0 0 0 0 0 0 0 0 0 0 0
深渊石原沙漠公主 0 0 0 35 40 0 0 0 0 0 0 0 0 0 0 0 0 0 0 0 0 0
深渊石原沙漠领主 0 0 0 45 50 0 0 0 0 0 0 0 0 0 0 0 0 0 0 0 0 0
黑狐 0 0 0 15 20 0 0 0 0 0 0 0 0 0 0 0 0 0 0 0 0 0
赤狐 0 0 0 15 20 0 0 0 0 0 0 0 0 0 0 0 0 0 0 0 0 0
素狐 0 0 0 15 20 0 0 0 0 0 0 0 0 0 0 0 0 0 0 0 0 0
帝国卫士 0 0 0 20 25 0 0 0 0 0 0 0 0 0 0 0 0 0 0 0 0 0
九尾魂石 0 0 0 20 25 0 0 0 0 0 0 0 0 0 0 0 0 0 0 0 0 0
狐月之眼 0 0 0 15 20 0 0 0 0 0 0 0 0 0 0 0 0 0 0 0 0 0
狐月魔眼 0 0 0 15 20 0 0 0 0 0 0 0 0 0 0 0 0 0 0 0 0 0
狐月天珠 0 0 0 25 30 0 0 0 0 0 0 0 0 0 0 0 0 0 0 0 0 0
狐月黄蛙 0 0 0 15 20 0 0 0 0 0 0 0 0 0 0 0 0 0 0 0 0 0
狐月黑蛙 0 0 0 15 20 0 0 0 0 0 0 0 0 0 0 0 0 0 0 0 0 0
玉面素狐王 0 0 0 20 25 0 0 0 0 0 0 0 0 0 0 0 0 0 0 0 0 0
金爪赤狐王 0 0 0 20 25 0 0 0 0 0 0 0 0 0 0 0 0 0 0 0 0 0
火尾黑狐王 0 0 0 20 25 0 0 0 0 0 0 0 0 0 0 0 0 0 0 0 0 0
卢锡安 0 0 0 35 40 0 0 0 0 0 0 0 0 0 0 0 0 0 0 0 0 0
源计划·卢锡安 0 0 0 45 50 0 0 0 0 0 0 0 0 0 0 0 0 0 0 0 0 0
塞娜 0 0 0 35 40 0 0 0 0 0 0 0 0 0 0 0 0 0 0 0 0 0
源计划·塞娜 0 0 0 45 50 0 0 0 0 0 0 0 0 0 0 0 0 0 0 0 0 0
深渊狐月黑狐 0 0 0 20 25 0 0 0 0 0 0 0 0 0 0 0 0 0 0 0 0 0
深渊狐月赤狐 0 0 0 20 25 0 0 0 0 0 0 0 0 0 0 0 0 0 0 0 0 0
深渊狐月素狐 0 0 0 20 25 0 0 0 0 0 0 0 0 0 0 0 0 0 0 0 0 0
深渊狐月帝国卫士 0 0 0 25 30 0 0 0 0 0 0 0 0 0 0 0 0 0 0 0 0 0
深渊狐月九尾魂石 0 0 0 25 30 0 0 0 0 0 0 0 0 0 0 0 0 0 0 0 0 0
深渊狐月狐月之眼 0 0 0 20 25 0 0 0 0 0 0 0 0 0 0 0 0 0 0 0 0 0
深渊狐月狐月魔眼 0 0 0 20 25 0 0 0 0 0 0 0 0 0 0 0 0 0 0 0 0 0
深渊狐月狐月天珠 0 0 0 35 40 0 0 0 0 0 0 0 0 0 0 0 0 0 0 0 0 0
深渊狐月狐月黄蛙 0 0 0 20 25 0 0 0 0 0 0 0 0 0 0 0 0 0 0 0 0 0
深渊狐月狐月黑蛙 0 0 0 20 25 0 0 0 0 0 0 0 0 0 0 0 0 0 0 0 0 0
深渊狐月玉面素狐王 0 0 0 25 30 0 0 0 0 0 0 0 0 0 0 0 0 0 0 0 0 0
深渊狐月金爪赤狐王 0 0 0 25 30 0 0 0 0 0 0 0 0 0 0 0 0 0 0 0 0 0
深渊狐月火尾黑狐王 0 0 0 25 30 0 0 0 0 0 0 0 0 0 0 0 0 0 0 0 0 0