0	随机传送石	1025	2000|1	410	10	随机传送|随机传送|	1	0	99
0	比奇传送石	999	6000|1	380	1	比奇传送石|比奇传送石|	1	0	99
0	盟重传送石	1010	2000|1	410	10	迅速回到盟重|迅速回到盟重|	1	0	99
0	超级灰色药粉	251	3000|1	380	1	物品|物品|	1	0	1
0	超级黄色药粉	250	3000|1	380	1	物品|物品|	1	0	1
0	超级护身符	270	3000|1	380	1	物品|物品|	1	0	1
0	小球	3730	500000|1	380	1	新人拾取宠物|新人拾取宠物|	1	0	1
1	金条	117	40|0	380	1	双击获得100万|双击获得100万|	1	1	99
1	强效金创药	28	300|1	380	1	血|血|	1	1	9999
1	强效魔法药	29	300|1	380	1	蓝|蓝|	1	1	9999
1	太阳水	16	500|1	380	1	小药|小药|	1	1	9999
1	强效太阳水	312	1200|1	380	1	中药|中药|	1	1	9999
1	万年雪霜	260	2500|1	380	1	大药|大药|	1	1	9999
1	疗伤药	14	5000|1	380	1	仙药|仙药|	1	1	9999
1	鹿角包	18101	10|3	380	1	增加背包容量|增加背包容量|	1	0	1
1	麝香正气水	40717	10000|1	380	1	仙药|仙药|	1	1	9999
2	修复神水	120	2000|1	380	1	修复装备耐久|修复装备耐久|总共提供100点耐久修复|	1	0	99
2	回城卷	402	100|1	380	1	1|	1	0	1
2	毒刺	66	10000000|1	380	1	毒素|毒素时装|	1	0	1
2	心灵召唤	1144	1000000|1	380	1	好|好|	1	0	1
2	精铁石	52652	100000|1	380	1	精铁石|精铁石|	1	1	999
2	进阶石	52664	100|3	380	1	进阶石|进阶石|	1	0	1
3	个性发型	1013	2|0	380	1	换个发型,换个心情|换个发型,换个心情|	1	0	99
3	反璞归真	1013	2|0	380	1	换个发型,换个心情|换个发型,换个心情|	1	0	99
3	如雾似梦	1016	10000|1	580	10	礼花|礼花，开心的时候来一发|！|	1	0	99
3	一心一意	1016	10000|1	680	10	礼花|礼花，开心的时候来一发|！|	1	0	99
3	心心相印	1016	10000|1	660	10	礼花|礼花，开心的时候来一发|！|	1	0	99
3	飞火流星	1016	10000|1	620	10	礼花|礼花，开心的时候来一发|！|	1	0	99
3	浪漫星雨	1016	10000|1	640	10	礼花|礼花，开心的时候来一发|！|	1	0	99
3	绮梦幻想	1016	10000|1	580	10	礼花|礼花，开心的时候来一发|！|	1	0	99
3	长空火舞	1016	10000|1	600	10	礼花|礼花，开心的时候来一发|！|	1	0	99
5	技巧项链	241	2000000|1	429	7	技巧|技巧|	1	0	99
5	强化召唤卷	998	50000|1	380	1	所有宝宝到7级|所有宝宝到7级|	1	0	1
5	神水	119	1000|1	380	1	1|1|	1	0	1
5	沃玛号角	261	60000|1	380	1	比奇传送石|比奇传送石|	1	0	99
