hl001	226	154	¿ñÈÈ»ğòáòæ	300	100	10
hl001	226	154	Áé»êÊÕ¸îÕß	300	3	30	0	253
hl001	226	154	À¶Ó°µ¶¿Í	300	3	30	0	253
hl001	226	154	Ê¥µîÎÀÊ¿	300	100	10
hl001	226	154	¶ñÄ§Ö©Öë	300	100	10
hl001	226	154	¾ŞÁ­Ö©Öë	300	100	10
hl001	226	154	½ğÕÈÖ©Öë	300	50	20
hl001	226	154	¾ŞÁ­Ö©Öë	300	100	10
hl001	226	154	ÂÌÄ§Ö©Öë	300	100	10
hl001	226	154	À¶±³Ö©Öë	300	100	10
hl001	226	154	¾ç¶¾÷¼÷Ã	300	100	10
hl001	226	154	Ê¥µî»ÆÁú	300	3	30	0	253
hl001	226	154	Ê¥µî»¤ÎÀ	300	3	30	0	253
hl001	226	154	ÌúÒí¾Ş¶ê	300	3	30	0	253

hl002	86	106	¿ñÈÈ»ğòáòæ	300	50	10
hl002	86	106	Ê¥µîÎÀÊ¿	300	50	10
hl002	86	106	¶ñÄ§Ö©Öë	300	50	10
hl002	86	106	¾ŞÁ­Ö©Öë	300	50	10
hl002	86	106	½ğÕÈÖ©Öë	300	50	20
hl002	86	106	¾ŞÁ­Ö©Öë	300	50	10
hl002	86	106	ÂÌÄ§Ö©Öë	300	50	10
hl002	86	106	À¶±³Ö©Öë	300	50	10
hl002	86	106	¾ç¶¾÷¼÷Ã	300	50	10
hl002	86	106	Ê¥µî»ÆÁú	300	3	30	0	253
hl002	86	106	Ê¥µî»¤ÎÀ	300	3	30	0	253
hl002	86	106	ÌúÒí¾Ş¶ê	300	3	30	0	253
hl002	86	106	»ğÁúÉñ		300	1	40	0	5
hl002	86	106	Áé»êÊÕ¸îÕß	300	3	30	0	253
hl002	86	106	À¶Ó°µ¶¿Í	300	3	30	0	253
hl002	86	106	¸»¹óÊŞ		300	1	40	0	5

H301	49	49	¿ñÈÈ»ğòáòæ	100	10	10
H301	49	49	¿ñÈÈ»ğòáòæ	100	10	10
H301	49	49	Ê¥µîÎÀÊ¿	100	10	10
H301	49	49	¶ñÄ§Ö©Öë	100	10	10
H301	49	49	¾ŞÁ­Ö©Öë	100	10	10
H301	49	49	½ğÕÈÖ©Öë	100	30	10
H301	49	49	¾ŞÁ­Ö©Öë	100	10	10
H301	49	49	ÂÌÄ§Ö©Öë	100	10	10
H301	49	49	À¶±³Ö©Öë	100	10	10
H301	49	49	¾ç¶¾÷¼÷Ã	100	20	10
H301	49	49	Ê¥µî»ÆÁú	100	1	30	0	253
H301	49	49	Ê¥µî»¤ÎÀ	100	1	30	0	253
H301	49	49	ÌúÒí¾Ş¶ê	100	1	30	0	253
H301	51	27	»ğÁúÉñ		1	1	40	0	5
H301	52	27	À×Ñ×ÖëÍõ	1	1	40	0	5
H301	52	27	¸»¹óÊŞ	50	1	40	0	5
