1	基本剑术	0	1	1	0	0
1	攻杀剑术	0	1	1	0	0
1	刺杀剑术	0	1	1	0	0
1	半月弯刀	0	1	1	0	0
1	野蛮冲撞	0	1	1	0	0
1	烈火剑法	0	1	1	0	0
1	火球术	0	1	1	0	0
1	抗拒火环	0	1	1	0	0
1	诱惑之光	0	1	1	0	0
1	地狱火	0	1	1	0	0
1	雷电术	0	1	1	0	0
1	瞬息移动	0	1	1	0	0
1	大火球	0	1	1	0	0
1	爆裂火焰	0	1	1	0	0
1	火墙	0	1	1	0	0
1	疾光电影	0	1	1	0	0
1	地狱雷光	0	1	1	0	0
1	魔法盾	0	1	1	0	0
1	圣言术	0	1	1	0	0
1	冰咆哮	0	1	1	0	0
1	治愈术	0	1	1	0	0
1	精神力战法	0	1	1	0	0
1	施毒术	0	1	1	0	0
1	灵魂火符	0	1	1	0	0
1	召唤骷髅	0	1	1	0	0
1	隐身术	0	1	1	0	0
1	集体隐身术	0	1	1	0	0
1	幽灵盾	0	1	1	0	0
1	神圣战甲术	0	1	1	0	0
1	心灵启示	0	1	1	0	0
1	困魔咒	0	1	1	0	0
1	群体治疗术	0	1	1	0	0
1	召唤神兽	0	1	1	0	0
5	青铜头盔	0	1	1	0	0
5	魔法头盔	0	1	1	0	0
5	道士头盔	0	1	1	0	0
5	骷髅头盔	0	1	1	0	0
5	黑铁头盔	0	1	1	0	0
5	精灵头盔	0	1	1	0	0
5	金项链	0	1	1	0	0
5	传统项链	0	1	1	0	0
5	白金项链	0	1	1	0	0
5	黄色水晶项链	0	1	1	0	0
5	黑檀项链	0	1	1	0	0
5	黑色水晶项链	0	1	1	0	0
5	白色虎齿项链	0	1	1	0	0
5	琥珀项链	0	1	1	0	0
5	魔鬼项链	0	1	1	0	0
5	凤凰明珠	0	1	1	0	0
5	灯笼项链	0	1	1	0	0
5	蓝翡翠项链	0	1	1	0	0
5	竹笛	0	1	1	0	0
5	放大镜	0	1	1	0	0
5	幽灵项链	0	1	1	0	0
5	生命项链	0	1	1	0	0
5	天珠项链	0	1	1	0	0
5	绿色项链	0	1	1	0	0
5	恶魔铃铛	0	1	1	0	0
5	灵魂项链	0	1	1	0	0
5	技巧项链	0	1	1	0	0
5	飞速项链	0	1	1	0	0
5	狂风项链　	0	1	1	0	0
5	探测项链	0	1	1	0	0
5	祈福项链	0	1	1	0	0
5	躲避手链	0	1	1	0	0
5	铁手镯	0	1	1	0	0
5	小手镯	0	1	1	0	0
5	银手镯	0	1	1	0	0
5	大手镯	0	1	1	0	0
5	钢手镯	0	1	1	0	0
5	皮制手套	0	1	1	0	0
5	夏普儿手镯	0	1	1	0	0
5	坚固手套	0	1	1	0	0
5	魔法手镯	0	1	1	0	0
5	避邪手镯	0	1	1	0	0
5	黑檀手镯	0	1	1	0	0
5	道士手镯	0	1	1	0	0
5	死神手套	0	1	1	0	0
5	金手镯	0	1	1	0	0
5	铂金手镯	0	1	1	0	0
5	幽灵手套	0	1	1	0	0
5	思贝儿手镯	0	1	1	0	0
5	心灵手镯	0	1	1	0	0
5	阎罗手套	0	1	1	0	0
2	---待定	0	1	1	0	0
5	黑铁手套	0	1	1	0	0
5	骑士手镯	0	1	1	0	0
5	龙之手镯	0	1	1	0	0
5	---待定	0	1	1	0	0
5	三眼手镯	0	1	1	0	0
5	古铜戒指	0	1	1	0	0
5	六角戒指	0	1	1	0	0
5	玻璃戒指	0	1	1	0	0
5	牛角戒指	0	1	1	0	0
5	生铁戒指	0	1	1	0	0
5	蓝色水晶戒指	0	1	1	0	0
5	黑色水晶戒指	0	1	1	0	0
5	蛇眼戒指	0	1	1	0	0
5	珍珠戒指	0	1	1	0	0
5	金戒指	0	1	1	0	0
5	骷髅戒指	0	1	1	0	0
5	魅力戒指	0	1	1	0	0
5	求婚戒指　	0	1	1	0	0
5	道德戒指	0	1	1	0	0
5	降妖除魔戒指	0	1	1	0	0
5	珊瑚戒指	0	1	1	0	0
2	---待定	0	1	1	0	0
5	龙之戒指	0	1	1	0	0
5	红宝石戒指	0	1	1	0	0
5	铂金戒指	0	1	1	0	0
5	力量戒指	0	1	1	0	0
5	紫碧螺	0	1	1	0	0
5	泰坦戒指	0	1	1	0	0
2	---待定	0	1	1	0	0
5	狂风戒指　	0	1	1	0	0
5	传送戒指	0	1	1	0	0
5	护身戒指	0	1	1	0	0
2	---待定	0	1	1	0	0
5	防御戒指	0	1	1	0	0
2	---待定	0	1	1	0	0
5	麻痹戒指	0	1	1	0	0
5	超负载戒指	0	1	1	0	0
2	---待定	0	1	1	0	0
5	火焰戒指	0	1	1	0	0
2	---待定	0	1	1	0	0
5	复活戒指	0	1	1	0	0
5	隐身戒指	0	1	1	0	0
3	布衣(男)	0	1	1	0	0
3	布衣(女)	0	1	1	0	0
3	轻型盔甲(男)	0	1	1	0	0
3	轻型盔甲(女)	0	1	1	0	0
3	中型盔甲(男)	0	1	1	0	0
3	中型盔甲(女)	0	1	1	0	0
3	重盔甲(男)	0	1	1	0	0
3	重盔甲(女)	0	1	1	0	0
3	魔法长袍(男)	0	1	1	0	0
3	魔法长袍(女)	0	1	1	0	0
3	灵魂战衣(男)	0	1	1	0	0
3	灵魂战衣(女)	0	1	1	0	0
3	战神盔甲(男)	0	1	1	0	0
3	战神盔甲(女)	0	1	1	0	0
3	恶魔长袍(男)	0	1	1	0	0
3	恶魔长袍(女)	0	1	1	0	0
3	幽灵战衣(男)	0	1	1	0	0
3	幽灵战衣(女)	0	1	1	0	0
3	钢盔甲(男)	0	1	1	0	0
3	钢盔甲(女)	0	1	1	0	0
3	圣龙魔袍(男)	0	1	1	0	0
3	圣龙魔袍(女)	0	1	1	0	0
3	泰坦战衣(男)	0	1	1	0	0
3	泰坦战衣(女)	0	1	1	0	0
4	木剑	0	1	1	0	0
4	匕首	0	1	1	0	0
2	---待定	0	1	1	0	0
4	青铜剑	0	1	1	0	0
4	短剑	0	1	1	0	0
4	铁剑	0	1	1	0	0
4	鹤嘴锄	0	1	1	0	0
4	青铜斧	0	1	1	0	0
4	罗刹	0	1	1	0	0
4	八荒	0	1	1	0	0
4	海魂	0	1	1	0	0
4	半月	0	1	1	0	0
4	凌风	0	1	1	0	0
4	偃月	0	1	1	0	0
4	破魂	0	1	1	0	0
4	降魔	0	1	1	0	0
4	斩马刀	0	1	1	0	0
4	修罗	0	1	1	0	0
4	凝霜	0	1	1	0	0
4	炼狱	0	1	1	0	0
4	魔杖	0	1	1	0	0
4	银蛇	0	1	1	0	0
4	井中月	0	1	1	0	0
4	无极棍	0	1	1	0	0
4	裁决之杖	0	1	1	0	0
4	骨玉权杖	0	1	1	0	0
4	龙纹剑	0	1	1	0	0
2	---待定	0	1	1	0	0
2	---待定	0	1	1	0	0
4	血饮	0	1	1	0	0
2	---待定	0	1	1	0	0
4	屠龙	0	1	1	0	0
4	嗜魂法杖	0	1	1	0	0
4	命运之刃	0	1	1	0	0
4	破馆珍剑	0	1	1	0	0
2	---待定	0	1	1	0	0
4	赤血魔剑	0	1	1	0	0
4	霸者之刃	0	1	1	0	0
2	---待定	0	1	1	0	0
5	神秘戒指	0	1	1	0	0
5	神秘腰带	0	1	1	0	0
5	神秘头盔	0	1	1	0	0
5	魔血戒指	0	1	1	0	0
2	---待定	0	1	1	0	0
5	魔血手镯	0	1	1	0	0
2	---待定	0	1	1	0	0
5	魔血项链	0	1	1	0	0
5	虹魔戒指	0	1	1	0	0
2	---待定	0	1	1	0	0
5	---待定	0	1	1	0	0
5	虹魔手镯	0	1	1	0	0
5	---待定	0	1	1	0	0
5	虹魔项链	0	1	1	0	0
2	---待定	0	1	1	0	0
5	命运戒指	0	1	1	0	0
5	---待定	0	1	1	0	0
5	命运手镯	0	1	1	0	0
5	命运项链	0	1	1	0	0
2	---待定	0	1	1	0	0
5	魔力戒指	0	1	1	0	0
5	---待定	0	1	1	0	0
5	魔力手镯	0	1	1	0	0
5	魔力项链	0	1	1	0	0
5	记忆头盔	0	1	1	0	0
5	记忆项链	0	1	1	0	0
5	记忆手镯	0	1	1	0	0
2	---待定	0	1	1	0	0
5	记忆戒指	0	1	1	0	0
2	---待定	0	1	1	0	0
5	祈祷头盔	0	1	1	0	0
4	祈祷之刃	0	1	1	0	0
5	---待定	0	1	1	0	0
5	祈祷手镯	0	1	1	0	0
5	---待定	0	1	1	0	0
5	祈祷项链	0	1	1	0	0
2	---待定	0	1	1	0	0
5	祈祷戒指	0	1	1	0	0
4	龙牙　	0	1	1	0	0
2	---待定	0	1	1	0	0
4	怒斩　	0	1	1	0	0
2	---待定	0	1	1	0	0
4	逍遥扇	0	1	1	0	0
1	---待定	0	1	1	0	0
2	---待定	0	1	1	0	0
5	圣战头盔	0	1	1	0	0
5	圣战项链	0	1	1	0	0
5	圣战手镯	0	1	1	0	0
5	圣战戒指	0	1	1	0	0
2	---待定	0	1	1	0	0
5	法神头盔	0	1	1	0	0
5	法神项链	0	1	1	0	0
5	法神手镯	0	1	1	0	0
5	法神戒指	0	1	1	0	0
2	---待定	0	1	1	0	0
5	天尊头盔	0	1	1	0	0
5	天尊项链	0	1	1	0	0
5	天尊手镯	0	1	1	0	0
5	天尊戒指	0	1	1	0	0
3	首充神甲	0	1	1	0	0
3	天魔神甲	0	1	1	0	0
3	首充神袍	0	1	1	0	0
3	圣战宝甲	0	1	1	0	0
3	---待定	0	1	1	0	0
3	法神披风	0	1	1	0	0
3	---待定	0	1	1	0	0
3	霓裳羽衣	0	1	1	0	0
3	---待定	0	1	1	0	0
3	天尊道袍	0	1	1	0	0
2	---待定	0	1	1	0	0
3	天师长袍	0	1	1	0	0
1	金条	0	1	1	0	0
1	金砖	0	1	1	0	0
1	金盒	0	1	1	0	0
1	技能书页	0	1	1	0	0
7	---待定	0	1	1	0	0
7	---待定	0	1	1	0	0
1	肉	0	1	1	0	0
1	鸡肉	0	1	1	0	0
2	干肉	0	1	1	0	0
1	食人树叶	0	1	1	0	0
1	食人树的果实	0	1	1	0	0
1	毒蜘蛛牙齿	0	1	1	0	0
1	蝎子的尾巴	0	1	1	0	0
1	蛆卵	0	1	1	0	0
1	祝福油	0	1	1	0	0
1	修复油	0	1	1	0	0
1	战神油	0	1	1	0	0
1	回城卷	0	1	1	0	0
1	回城卷包	0	1	1	0	0
1	随机传送卷	0	1	1	0	0
1	地牢逃脱卷	0	1	1	0	0
1	行会回城卷	0	1	1	0	0
1	随机传送卷包	0	1	1	0	0
1	地牢逃脱卷包	0	1	1	0	0
1	行会回城卷包	0	1	1	0	0
2	护身符	0	1	1	0	0
2	护身符(大)	0	1	1	0	0
2	超级护身符	0	1	1	0	0
2	金创药(小量)	0	1	1	0	0
2	魔法药(小量)	0	1	1	0	0
2	金创药(中量)	0	1	1	0	0
2	魔法药(中量)	0	1	1	0	0
2	强效金创药	0	1	1	0	0
2	强效魔法药	0	1	1	0	0
1	金创药(小)包	0	1	1	0	0
1	魔法药(小)包	0	1	1	0	0
1	金创药(中)包	0	1	1	0	0
1	魔法药(中)包	0	1	1	0	0
1	超级金创药	0	1	1	0	0
1	超级魔法药	0	1	1	0	0
2	灰色药粉(少量)	0	1	1	0	0
2	黄色药粉(少量)	0	1	1	0	0
2	灰色药粉(中量)	0	1	1	0	0
2	黄色药粉(中量)	0	1	1	0	0
2	灰色药粉(大量)	0	1	1	0	0
2	黄色药粉(大量)	0	1	1	0	0
2	超级灰色药粉	0	1	1	0	0
2	超级黄色药粉	0	1	1	0	0
2	太阳水	0	1	1	0	0
2	强效太阳水	0	1	1	0	0
2	万年雪霜	0	1	1	0	0
2	疗伤药	0	1	1	0	0
1	强效太阳水包	0	1	1	0	0
1	万年雪霜包	0	1	1	0	0
1	疗伤药包	0	1	1	0	0
1	攻击力药水	0	1	1	0	0
1	魔法力药水	0	1	1	0	0
1	精神力药水	0	1	1	0	0
1	疾风药水	0	1	1	0	0
1	HP强化药水	0	1	1	0	0
1	MP强化药水	0	1	1	0	0
2	鹿血	0	1	1	0	0
2	鹿茸	0	1	1	0	0
1	铜矿	0	1	1	0	0
1	铁矿	0	1	1	0	0
1	银矿	0	1	1	0	0
1	金矿	0	1	1	0	0
1	黑铁矿石	0	1	1	0	0
1	沃玛号角	0	1	1	0	0
1	祖玛头像	0	1	1	0	0
1	山洞凭证	0	1	1	0	0
1	筹码	0	1	1	0	0
1	筹码包	0	1	1	0	0
1	佛牌	0	1	1	0	0
1	骰子	0	1	1	0	0
1	木材	0	1	1	0	0
1	彩票	0	1	1	0	0
2	神水	0	1	1	0	0
1	命运之书	0	1	1	0	0
1	介绍信	0	1	1	0	0
1	薄荷叶	0	1	1	0	0
1	药剂师的信	0	1	1	0	0
2	许中医的药1	0	1	1	0	0
2	许中医的药2	0	1	1	0	0
2	许中医的药3	0	1	1	0	0
1	血剑碎片	0	1	1	0	0
1	特殊药水	0	1	1	0	0
1	水晶	0	1	1	0	0
1	邪恶巨人心脏	0	1	1	0	0
1	赤月恶魔油	0	1	1	0	0
1	苹果	0	1	1	0	0
2	鸡蛋糕	0	1	1	0	0
1	银贝壳	0	1	1	0	0
1	蜘蛛线	0	1	1	0	0
1	幻境凭证	0	1	1	0	0
1	双倍卷轴	0	1	1	0	0
1	攻击神水	0	1	1	0	0
7	荣誉勋章11号	0	1	1	0	0
7	荣誉勋章12号	0	1	1	0	0
7	荣誉勋章13号	0	1	1	0	0
7	荣誉勋章14号	0	1	1	0	0
7	荣誉勋章15号	0	1	1	0	0
7	荣誉勋章21号	0	1	1	0	0
7	荣誉勋章22号	0	1	1	0	0
7	荣誉勋章23号	0	1	1	0	0
7	荣誉勋章24号	0	1	1	0	0
7	荣誉勋章25号	0	1	1	0	0
7	荣誉勋章31号	0	1	1	0	0
7	荣誉勋章32号	0	1	1	0	0
7	荣誉勋章33号	0	1	1	0	0
7	荣誉勋章34号	0	1	1	0	0
7	荣誉勋章35号	0	1	1	0	0
7	荣誉勋章41号	0	1	1	0	0
7	荣誉勋章42号	0	1	1	0	0
7	荣誉勋章43号	0	1	1	0	0
7	荣誉勋章44号	0	1	1	0	0
7	荣誉勋章45号	0	1	1	0	0
7	荣誉勋章51号	0	1	1	0	0
7	荣誉勋章52号	0	1	1	0	0
7	荣誉勋章53号	0	1	1	0	0
7	荣誉勋章54号	0	1	1	0	0
7	荣誉勋章55号	0	1	1	0	0
1	英雄基本剑术	0	1	1	0	0
1	英雄攻杀剑术	0	1	1	0	0
1	英雄刺杀剑术	0	1	1	0	0
1	英雄半月弯刀	0	1	1	0	0
1	英雄野蛮冲撞	0	1	1	0	0
1	英雄烈火剑法	0	1	1	0	0
1	英雄火球术	0	1	1	0	0
1	英雄大火球	0	1	1	0	0
1	英雄抗拒火环	0	1	1	0	0
1	英雄地狱火	0	1	1	0	0
1	英雄疾光电影	0	1	1	0	0
1	英雄雷电术	0	1	1	0	0
1	英雄诱惑之光	0	1	1	0	0
1	英雄瞬息移动	0	1	1	0	0
1	英雄火墙	0	1	1	0	0
1	英雄爆裂火焰	0	1	1	0	0
1	英雄地狱雷光	0	1	1	0	0
1	英雄魔法盾	0	1	1	0	0
1	英雄圣言术	0	1	1	0	0
1	英雄冰咆哮	0	1	1	0	0
1	英雄治愈术	0	1	1	0	0
1	英雄精神战法	0	1	1	0	0
1	英雄施毒术	0	1	1	0	0
1	英雄灵魂火符	0	1	1	0	0
1	英雄召唤骷髅	0	1	1	0	0
1	英雄幽灵盾	0	1	1	0	0
1	英雄神圣战甲	0	1	1	0	0
1	英雄困魔咒	0	1	1	0	0
1	英雄召唤骷髅	0	1	1	0	0
1	英雄隐身术	0	1	1	0	0
1	英雄集体隐身	0	1	1	0	0
1	英雄心灵启示	0	1	1	0	0
1	英雄群疗术	0	1	1	0	0
1	英雄召唤神兽	0	1	1	0	0
1	破魂斩	0	1	1	0	0
1	劈星斩	0	1	1	0	0
1	雷霆一击	0	1	1	0	0
1	噬魂沼泽	0	1	1	0	0
1	末日审判	0	1	1	0	0
1	火龙气焰	0	1	1	0	0
2	生命滴祝福	0	1	1	0	0
2	火龙血魔符　	0	1	1	0	0
1	装备碎片	0	1	1	0	0
7	英雄宝典	0	1	1	0	0
7	兽皮腰带	0	1	1	0	0
7	铁腰带	0	1	1	0	0
7	青铜腰带	0	1	1	0	0
7	---待定	0	1	1	0	0
7	钢铁腰带	0	1	1	0	0
7	布鞋	0	1	1	0	0
7	鹿皮靴	0	1	1	0	0
7	紫绸靴	0	1	1	0	0
2	---待定	0	1	1	0	0
3	测试衣服	0	1	1	0	0
7	避魂靴	0	1	1	0	0
1	金币箱1	0	1	1	0	0
4	测试武器	0	1	1	0	0
2	仙域传送石	0	1	1	0	0
2	北寒传送石	0	1	1	0	0
2	荒原传送石	0	1	1	0	0
2	天合传送石	0	1	1	0	0
2	九黎传送石	0	1	1	0	0
2	雷泽传送石	0	1	1	0	0
2	群魔传送石	0	1	1	0	0
2	---待定	0	1	1	0	0
2	---待定	0	1	1	0	0
2	---待定	0	1	1	0	0
2	---待定	0	1	1	0	0
2	随机传送石(大)	0	1	1	0	0
1	战魂	0	1	1	0	0
1	道魄	0	1	1	0	0
1	法纹	0	1	1	0	0
2	盟重传送石	0	1	1	0	0
2	随机传送石	0	1	1	0	0
1	幻之羽	0	1	1	0	0
2	修复神水	0	1	1	0	0
1	1元宝	0	1	1	0	0
1	5元宝	0	1	1	0	0
1	10元宝	0	1	1	0	0
1	50元宝	0	1	1	0	0
1	100元宝	0	1	1	0	0
1	500元宝	0	1	1	0	0
1	1000元宝	0	1	1	0	0
1	5000元宝	0	1	1	0	0
1	10000元宝	0	1	1	0	0
1	创造水晶	0	1	1	0	0
1	创造宝石	0	1	1	0	0
1	充值宝箱	0	1	1	0	0
1	天外飞石1	0	1	1	0	0
1	天外飞石2	0	1	1	0	0
1	武士之星	0	1	1	0	0
1	道士之星	0	1	1	0	0
1	法师之星	0	1	1	0	0
1	死亡纹章	0	1	1	0	0
1	修炼石	0	1	1	0	0
1	修炼手镯	0	1	1	0	0
5	贝斯戒指	0	1	1	0	0
5	考斯戒指	0	1	1	0	0
5	迪斯项链	0	1	1	0	0
5	宙迪手套	0	1	1	0	0
5	宙迪戒指	0	1	1	0	0
5	藤域戒指	0	1	1	0	0
5	藤域手镯	0	1	1	0	0
5	藤域项链	0	1	1	0	0
5	铜域手镯	0	1	1	0	0
5	铜域戒指	0	1	1	0	0
5	铜域项链	0	1	1	0	0
5	木域项链	0	1	1	0	0
5	木域手镯	0	1	1	0	0
5	木域戒指	0	1	1	0	0
5	神域戒指	0	1	1	0	0
5	神域手镯	0	1	1	0	0
5	神域项链	0	1	1	0	0
5	金域戒指	0	1	1	0	0
5	金域令	0	1	1	0	0
5	土域戒指	0	1	1	0	0
5	土域手镯	0	1	1	0	0
5	土域项链	0	1	1	0	0
5	水域戒指	0	1	1	0	0
5	水域手镯	0	1	1	0	0
5	水域项链	0	1	1	0	0
5	浮幽项链	0	1	1	0	0
2	---待定	0	1	1	0	0
5	浮幽手镯	0	1	1	0	0
5	浮幽戒指	0	1	1	0	0
5	飞龙神链	0	1	1	0	0
5	银域项链	0	1	1	0	0
5	银域戒指	0	1	1	0	0
2	---待定	0	1	1	0	0
5	银域手镯	0	1	1	0	0
2	---待定	0	1	1	0	0
5	宙神头盔	0	1	1	0	0
5	贝迪头盔	0	1	1	0	0
5	道域头盔	0	1	1	0	0
5	勇士头盔	0	1	1	0	0
2	---待定	0	1	1	0	0
2	---待定	0	1	1	0	0
2	---待定	0	1	1	0	0
2	---待定	0	1	1	0	0
1	紫铜钥匙	0	1	1	0	0
1	白银钥匙	0	1	1	0	0
1	黄金钥匙	0	1	1	0	0
1	神秘钥匙	0	1	1	0	0
2	---待定	0	1	1	0	0
5	黑铁手镯	0	1	1	0	0
2	---待定	0	1	1	0	0
5	恶灵手套	0	1	1	0	0
1	全身7星卷	0	1	1	0	0
1	全身9星卷	0	1	1	0	0
1	二倍爆率卷	0	1	1	0	0
1	三倍爆率卷	0	1	1	0	0
1	五倍爆率卷	0	1	1	0	0
1	紫铜宝箱	0	1	1	0	0
1	白银宝箱	0	1	1	0	0
1	黄金宝箱	0	1	1	0	0
1	神秘宝箱	0	1	1	0	0
1	五倍爆率卷(10小时)	0	1	1	0	0
1	全身12星卷	0	1	1	0	0
2	---待定	0	1	1	0	0
4	绿玉裁决	0	1	1	0	0
4	绿玉屠龙	0	1	1	0	0
4	七星法杖	0	1	1	0	0
4	蓝灵法杖	0	1	1	0	0
4	金域无极棍	0	1	1	0	0
4	小毛剑	0	1	1	0	0
2	---待定	0	1	1	0	0
2	---待定	0	1	1	0	0
2	---待定	0	1	1	0	0
3	青龙战衣(男)	0	1	1	0	0
2	---待定	0	1	1	0	0
3	青龙战衣(女)	0	1	1	0	0
2	---待定	0	1	1	0	0
3	白虎战甲(男)	0	1	1	0	0
2	---待定	0	1	1	0	0
3	白虎战甲(女)	0	1	1	0	0
3	朱雀战袍(男)	0	1	1	0	0
3	朱雀战袍(女)	0	1	1	0	0
2	---待定	0	1	1	0	0
3	骑士战袍(女)	0	1	1	0	0
2	---待定	0	1	1	0	0
3	骑士战袍(男)	0	1	1	0	0
1	封魔谷凭证	0	1	1	0	0
2	---待定	0	1	1	0	0
3	猩猩战甲(男)	0	1	1	0	0
2	---待定	0	1	1	0	0
3	猩猩战甲(女)	0	1	1	0	0
1	---待定	0	1	1	0	0
1	---待定	0	1	1	0	0
1	冥殿令牌	0	1	1	0	0
1	无常手谕	0	1	1	0	0
1	神王令牌	0	1	1	0	0
5	凤凰の飞1	0	1	1	0	0
5	诅咒の亡1	0	1	1	0	0
5	精灵の翔1	0	1	1	0	0
2	---待定	0	1	1	0	0
5	战神の帝1	0	1	1	0	0
5	傀儡の隐1	0	1	1	0	0
5	守护の神1	0	1	1	0	0
2	---待定	0	1	1	0	0
3	天地の防(男)	0	1	1	0	0
2	---待定	0	1	1	0	0
3	天地の防(女)	0	1	1	0	0
4	王者统刃	0	1	1	0	0
2	---待定	0	1	1	0	0
5	寂静左手	0	1	1	0	0
5	寂静右手	0	1	1	0	0
2	待定---	0	1	1	0	0
5	寂静头饰	0	1	1	0	0
5	---待定	0	1	1	0	0
5	寂静项链	0	1	1	0	0
5	寂静左指	0	1	1	0	0
5	---待定	0	1	1	0	0
5	寂静右指	0	1	1	0	0
5	---待定	0	1	1	0	0
5	---待定	0	1	1	0	0
5	寂静神指	0	1	1	0	0
5	寂静の神指	0	1	1	0	0
7	寂静勋章	0	1	1	0	0
2	---待定	0	1	1	0	0
7	寂静靴子	0	1	1	0	0
2	---待定	0	1	1	0	0
7	寂静腰带	0	1	1	0	0
5	沉默の之路	0	1	1	0	0
1	黑狗丸	0	1	1	0	0
7	爆率腰牌(3.0)	0	1	1	0	0
7	爆率腰牌(4.0)	0	1	1	0	0
7	爆率腰牌(5.0)	0	1	1	0	0
2	---待定	0	1	1	0	0
7	霸者の勋章	0	1	1	0	0
7	龙渊の勋章	0	1	1	0	0
7	诛邪の勋章	0	1	1	0	0
7	火龙·之心[战]	0	1	1	0	0
7	火龙·之心[法]	0	1	1	0	0
7	火龙·之心[道]	0	1	1	0	0
7	无双·勋章[战]	0	1	1	0	0
7	无双·勋章[法]	0	1	1	0	0
7	无双·勋章[道]	0	1	1	0	0
2	---待定	0	1	1	0	0
2	---待定	0	1	1	0	0
2	---待定	0	1	1	0	0
1	黄金赞助	0	1	1	0	0
1	白金赞助	0	1	1	0	0
1	钻石赞助	0	1	1	0	0
1	王者赞助	0	1	1	0	0
1	至尊赞助	0	1	1	0	0
2	---待定	0	1	1	0	0
1	狂暴之力	0	1	1	0	0
1	千里传音	0	1	1	0	0
7	真爱钻石	0	1	1	0	0
7	骷髅骨	0	1	1	0	0
7	神域腰带	0	1	1	0	0
7	神域靴子	0	1	1	0	0
7	爱情鲜花	0	1	1	0	0
7	芯	0	1	1	0	0
7	灵魂之石	0	1	1	0	0
7	英雄の章	0	1	1	0	0
2	---待定	0	1	1	0	0
2	---待定	0	1	1	0	0
2	---待定	0	1	1	0	0
2	---待定	0	1	1	0	0
2	---待定	0	1	1	0	0
2	---盾牌---	0	1	1	0	0
1	勇士护盾	0	1	1	0	0
1	骑士盾牌	0	1	1	0	0
1	光辉圣盾	0	1	1	0	0
1	炼狱守护	0	1	1	0	0
5	英雄的召唤	0	1	1	0	0
1	英雄的复仇	0	1	1	0	0
1	英雄的荣誉	0	1	1	0	0
1	英雄的希望	0	1	1	0	0
1	英雄的遗愿	0	1	1	0	0
1	英雄精魄	0	1	1	0	0
4	---待定	0	1	1	0	0
1	1.1倍爆率卷轴	0	1	1	0	0
1	1.3倍爆率卷轴	0	1	1	0	0
1	侠客面巾	0	1	1	0	0
1	游侠面巾	0	1	1	0	0
1	猎魔面巾	0	1	1	0	0
1	杀戮面巾	0	1	1	0	0
2	---待定	0	1	1	0	0
1	统领头颅	0	1	1	0	0
1	首充20元礼包	0	1	1	0	0
1	神秘空间	0	1	1	0	0
4	英雄之刃	0	1	1	0	0
1	技能碎片	0	1	1	0	0
4	首充神剑	0	1	1	0	0
4	---待定	0	1	1	0	0
1	1RMB点	0	1	1	0	0
1	2Rmb点	0	1	1	0	0
1	3Rmb点	0	1	1	0	0
1	4Rmb点	0	1	1	0	0
1	5Rmb点	0	1	1	0	0
1	8000元宝	0	1	1	0	0
1	礼包	0	1	1	0	0
1	红名清洗卷	0	1	1	0	0
1	隐姓埋名	0	1	1	0	0
1	法师宝宝卷	0	1	1	0	0
1	50000元宝	0	1	1	0	0
1	10W元宝	0	1	1	0	0
1	20W元宝	0	1	1	0	0
1	50W元宝	0	1	1	0	0
1	100W元宝	0	1	1	0	0
1	500W元宝	0	1	1	0	0
1	月华印	0	1	1	0	0
1	观月印	0	1	1	0	0
1	聚火印	0	1	1	0	0
1	毁伤印	0	1	1	0	0
1	主宰印	0	1	1	0	0
1	暴君印	0	1	1	0	0
1	破法印	0	1	1	0	0
1	武兽印	0	1	1	0	0
1	蛮王印	0	1	1	0	0
1	神驱印	0	1	1	0	0
1	升龙印	0	1	1	0	0
1	开天印	0	1	1	0	0
1	决意印	0	1	1	0	0
3	神话重盔甲(男)	0	1	1	0	0
1	焰华印	0	1	1	0	0
1	烈焰印	0	1	1	0	0
1	天罚印	0	1	1	0	0
1	天怒印	0	1	1	0	0
1	邪影印	0	1	1	0	0
1	邪光印	0	1	1	0	0
1	噬魂印	0	1	1	0	0
1	血契印	0	1	1	0	0
1	军势印	0	1	1	0	0
1	霜骨印	0	1	1	0	0
1	龙魂印	0	1	1	0	0
1	火雨印	0	1	1	0	0
1	疾火印	0	1	1	0	0
1	灭天印	0	1	1	0	0
1	秘咒印	0	1	1	0	0
1	天守印	0	1	1	0	0
1	霜骨印	0	1	1	0	0
3	神话灵魂战衣(	0	1	1	0	0
1	凌波印	0	1	1	0	0
1	凌云印	0	1	1	0	0
1	弹射印	0	1	1	0	0
1	灵控印	0	1	1	0	0
1	符阵印	0	1	1	0	0
1	君王印	0	1	1	0	0
1	偷天印	0	1	1	0	0
1	迦兰印	0	1	1	0	0
1	灵兽印	0	1	1	0	0
1	灵携印	0	1	1	0	0
1	凝丹印	0	1	1	0	0
1	噬心印	0	1	1	0	0
1	噬血印	0	1	1	0	0
1	幽冥印	0	1	1	0	0
1	破虚印	0	1	1	0	0
1	盘丝印	0	1	1	0	0
1	技能石	0	1	1	0	0
1	铭文石	0	1	1	0	0
1	英雄玉佩	0	1	1	0	0
3	羽灵神甲(男)	0	1	1	0	0
1	英雄战刀	0	1	1	0	0
1	英雄法杖	0	1	1	0	0
1	英雄道剑	0	1	1	0	0
1	英雄之甲·战	0	1	1	0	0
1	英雄之衣·战	0	1	1	0	0
1	英雄之甲·法	0	1	1	0	0
1	英雄之衣·法	0	1	1	0	0
1	英雄之甲·道	0	1	1	0	0
1	英雄之衣·道	0	1	1	0	0
3	---狂暴----	0	1	1	0	0
1	一级狂暴	0	1	1	0	0
1	二级狂暴	0	1	1	0	0
1	三级狂暴	0	1	1	0	0
1	四级狂暴	0	1	1	0	0
1	五级狂暴	0	1	1	0	0
1	六级狂暴	0	1	1	0	0
1	七级狂暴	0	1	1	0	0
1	八级狂暴	0	1	1	0	0
1	巅峰狂暴	0	1	1	0	0
1	完美狂暴	0	1	1	0	0
2	---称号---	0	1	1	0	0
1	赞助大使	0	1	1	0	0
1	清风公益骨灰玩家	0	1	1	0	0
1	天下第一战士	0	1	1	0	0
1	天下第一法师	0	1	1	0	0
1	天下第一道士	0	1	1	0	0
2	--杀怪称号---	0	1	1	0	0
1	小试牛刀	0	1	1	0	0
1	斩妖除魔	0	1	1	0	0
1	平妖天师	0	1	1	0	0
1	猎魔使者	0	1	1	0	0
1	屠魔勇士	0	1	1	0	0
2	--击杀狂暴称号---	0	1	1	0	0
1	嚣张跋扈	0	1	1	0	0
1	横行天下	0	1	1	0	0
1	血流成河	0	1	1	0	0
1	尸山血海	0	1	1	0	0
1	暴虐无道	0	1	1	0	0
2	--回收装备件数称号---	0	1	1	0	0
1	财源广进	0	1	1	0	0
1	荣华富贵	0	1	1	0	0
1	腰缠万贯	0	1	1	0	0
1	堆金积玉	0	1	1	0	0
1	富可敌国	0	1	1	0	0
2	---回收套装称号---	0	1	1	0	0
1	沃玛使者	0	1	1	0	0
1	祖玛勇士	0	1	1	0	0
1	赤月天尊	0	1	1	0	0
1	雷霆霸主	0	1	1	0	0
1	战神魔君	0	1	1	0	0
1	封界域使	0	1	1	0	0
1	寂静战神	0	1	1	0	0
2	---待定	0	1	1	0	0
2	---待定	0	1	1	0	0
1	英雄徽章lv1	0	1	1	0	0
1	英雄徽章lv2	0	1	1	0	0
1	英雄徽章lv3	0	1	1	0	0
1	英雄徽章lv4	0	1	1	0	0
1	英雄徽章lv5	0	1	1	0	0
1	英雄徽章lv6	0	1	1	0	0
1	英雄徽章lv7	0	1	1	0	0
1	英雄徽章lv8	0	1	1	0	0
1	英雄徽章lv9	0	1	1	0	0
1	英雄徽章lv10	0	1	1	0	0
2	---待定	0	1	1	0	0
2	---待定	0	1	1	0	0
1	庆典蛋糕	0	1	1	0	0
1	英雄祝福	0	1	1	0	0
1	BB助手	0	1	1	0	0
4	中出大棍	0	1	1	0	0
2	----新加物品----	0	1	1	0	0
1	天地结晶	0	1	1	0	0
1	结晶	0	1	1	0	0
1	宣传礼包	0	1	1	0	0
1	时装羽毛	0	1	1	0	0
1	面巾碎片	0	1	1	0	0
1	盾牌碎片	0	1	1	0	0
1	英雄令	0	1	1	0	0
1	三才石	0	1	1	0	0
1	四象石	0	1	1	0	0
1	五行石	0	1	1	0	0
1	洗髓丹	0	1	1	0	0
1	天工石	0	1	1	0	0
1	万年玄冰	0	1	1	0	0
2	---星数称号---	0	1	1	0	0
1	出类拔萃	0	1	1	0	0
1	锋芒毕现	0	1	1	0	0
1	名扬万里	0	1	1	0	0
1	扬名四海	0	1	1	0	0
1	傲视九州	0	1	1	0	0
1	万古流芳	0	1	1	0	0
1	震烁古今	0	1	1	0	0
1	身外化身	0	1	1	0	0
1	天外飞仙	0	1	1	0	0
1	天下无双	0	1	1	0	0
1	荒古圣体	0	1	1	0	0
2	---雷霆装备	0	1	1	0	0
5	雷霆项链	0	1	1	0	0
5	雷霆护腕	0	1	1	0	0
5	雷霆战戒	0	1	1	0	0
7	雷霆腰带	0	1	1	0	0
7	雷霆战靴	0	1	1	0	0
2	---烈焰装备	0	1	1	0	0
5	烈焰项链	0	1	1	0	0
5	烈焰护腕	0	1	1	0	0
5	烈焰魔戒	0	1	1	0	0
7	烈焰腰带	0	1	1	0	0
7	烈焰魔靴	0	1	1	0	0
2	---光芒装备	0	1	1	0	0
5	光芒项链	0	1	1	0	0
5	光芒护腕	0	1	1	0	0
5	光芒道戒	0	1	1	0	0
7	光芒腰带	0	1	1	0	0
7	光芒道靴	0	1	1	0	0
2	---武器	0	1	1	0	0
4	开天	0	1	1	0	0
4	镇天	0	1	1	0	0
4	玄天	0	1	1	0	0
2	---衣服	0	1	1	0	0
3	雷霆战甲(男)	0	1	1	0	0
3	雷霆战甲(女)	0	1	1	0	0
3	烈焰魔衣(男)	0	1	1	0	0
3	烈焰魔衣(女)	0	1	1	0	0
3	光芒道袍(男)	0	1	1	0	0
3	光芒道袍(女)	0	1	1	0	0
2	----护体----	0	1	1	0	0
7	爆率腰牌(1.1)	0	1	1	0	0
7	爆率腰牌(1.2)	0	1	1	0	0
7	爆率腰牌(1.3)	0	1	1	0	0
7	爆率腰牌(1.4)	0	1	1	0	0
7	爆率腰牌(1.5)	0	1	1	0	0
7	爆率腰牌(1.6)	0	1	1	0	0
7	爆率腰牌(1.7)	0	1	1	0	0
7	爆率腰牌(1.8)	0	1	1	0	0
7	爆率腰牌(1.9)	0	1	1	0	0
7	爆率腰牌(2.0)	0	1	1	0	0
2	----1大陆神器----	0	1	1	0	0
6	青龙之力	0	1	1	0	0
6	白虎之心	0	1	1	0	0
6	朱雀之魂	0	1	1	0	0
6	玄武之甲	0	1	1	0	0
4	镇妖剑	0	1	1	0	0
3	御天圣甲(男)	0	1	1	0	0
3	御天圣甲(女)	0	1	1	0	0
5	腐蚀之心	0	1	1	0	0
5	风暴之眼	0	1	1	0	0
5	残忍利爪	0	1	1	0	0
5	上古遗愿	0	1	1	0	0
5	招魂魔戒	0	1	1	0	0
5	诅咒之殇	0	1	1	0	0
7	恐怖的黎明	0	1	1	0	0
7	巨人腰带	0	1	1	0	0
6	四圣玉	0	1	1	0	0
2	----时装装备---	0	1	1	0	0
1	沉默之刃	0	1	1	0	0
1	沉默战甲	0	1	1	0	0
1	沉默战袍	0	1	1	0	0
1	野猪头盔	0	1	1	0	0
1	祖玛护腕	0	1	1	0	0
1	沃玛腰带	0	1	1	0	0
1	蜘蛛项链	0	1	1	0	0
2	----首饰盒特殊----	0	1	1	0	0
5	阴龙の爪	0	1	1	0	0
5	守护の神	0	1	1	0	0
5	傀儡の隐	0	1	1	0	0
5	凤凰の飞	0	1	1	0	0
5	诅咒の亡	0	1	1	0	0
5	魔域手套	0	1	1	0	0
5	精灵の翔	0	1	1	0	0
5	战神の帝	0	1	1	0	0
2	----2大陆神器----	0	1	1	0	0
4	光芒圣剑	0	1	1	0	0
5	雷霆之怒	0	1	1	0	0
5	祝福	0	1	1	0	0
5	先祖的召唤	0	1	1	0	0
5	麒麟臂	0	1	1	0	0
5	破碎誓言	0	1	1	0	0
5	王者之心	0	1	1	0	0
7	幻神靴	0	1	1	0	0
7	猎人之怒	0	1	1	0	0
2	----2大陆时装----	0	1	1	0	0
1	精灵战刀	0	1	1	0	0
1	精灵圣甲	0	1	1	0	0
1	精灵圣袍	0	1	1	0	0
1	太阳神盔	0	1	1	0	0
1	金子拳	0	1	1	0	0
1	天神链	0	1	1	0	0
1	星辰	0	1	1	0	0
2	----3-4大陆新加装备----	0	1	1	0	0
5	蝴蝶盔	0	1	1	0	0
5	蝴蝶链	0	1	1	0	0
5	蝴蝶镯	0	1	1	0	0
5	蝴蝶腕	0	1	1	0	0
5	蝴蝶戒	0	1	1	0	0
5	蝴蝶指	0	1	1	0	0
7	蝴蝶带	0	1	1	0	0
7	蝴蝶靴	0	1	1	0	0
2	------------1	0	1	1	0	0
5	魔神盔	0	1	1	0	0
5	魔神链	0	1	1	0	0
5	魔神镯	0	1	1	0	0
5	魔神腕	0	1	1	0	0
5	魔神戒	0	1	1	0	0
5	魔神指	0	1	1	0	0
7	魔神带	0	1	1	0	0
7	魔神靴	0	1	1	0	0
2	------------1	0	1	1	0	0
5	道玄盔	0	1	1	0	0
5	道玄链	0	1	1	0	0
5	道玄镯	0	1	1	0	0
5	道玄腕	0	1	1	0	0
5	道玄戒	0	1	1	0	0
5	道玄指	0	1	1	0	0
7	道玄带	0	1	1	0	0
7	道玄靴	0	1	1	0	0
2	------------2	0	1	1	0	0
5	轩辕盔	0	1	1	0	0
5	轩辕链	0	1	1	0	0
5	轩辕镯	0	1	1	0	0
5	轩辕腕	0	1	1	0	0
5	轩辕戒	0	1	1	0	0
5	轩辕指	0	1	1	0	0
7	轩辕带	0	1	1	0	0
7	轩辕靴	0	1	1	0	0
2	------------2	0	1	1	0	0
5	寒冰盔	0	1	1	0	0
5	寒冰链	0	1	1	0	0
5	寒冰镯	0	1	1	0	0
5	寒冰腕	0	1	1	0	0
5	寒冰戒	0	1	1	0	0
5	寒冰指	0	1	1	0	0
7	寒冰带	0	1	1	0	0
7	寒冰靴	0	1	1	0	0
2	------------2	0	1	1	0	0
5	通天盔	0	1	1	0	0
5	通天链	0	1	1	0	0
5	通天镯	0	1	1	0	0
5	通天腕	0	1	1	0	0
5	通天戒	0	1	1	0	0
5	通天指	0	1	1	0	0
7	通天带	0	1	1	0	0
7	通天靴	0	1	1	0	0
2	------------3	0	1	1	0	0
5	末日盔	0	1	1	0	0
5	末日链	0	1	1	0	0
5	末日镯	0	1	1	0	0
5	末日腕	0	1	1	0	0
5	末日戒	0	1	1	0	0
5	末日指	0	1	1	0	0
7	末日带	0	1	1	0	0
7	末日靴	0	1	1	0	0
2	------------3	0	1	1	0	0
5	冥王盔	0	1	1	0	0
5	冥王链	0	1	1	0	0
5	冥王镯	0	1	1	0	0
5	冥王腕	0	1	1	0	0
5	冥王戒	0	1	1	0	0
5	冥王指	0	1	1	0	0
7	冥王带	0	1	1	0	0
7	冥王靴	0	1	1	0	0
2	------------3	0	1	1	0	0
5	神灵盔	0	1	1	0	0
5	神灵链	0	1	1	0	0
5	神灵镯	0	1	1	0	0
5	神灵腕	0	1	1	0	0
5	神灵戒	0	1	1	0	0
5	神灵指	0	1	1	0	0
7	神灵带	0	1	1	0	0
7	神灵靴	0	1	1	0	0
2	------------4	0	1	1	0	0
5	英雄の战盔	0	1	1	0	0
5	英雄の战链	0	1	1	0	0
5	英雄の战腕	0	1	1	0	0
5	英雄の战镯	0	1	1	0	0
5	英雄の战戒	0	1	1	0	0
5	英雄の战指	0	1	1	0	0
7	英雄の战带	0	1	1	0	0
7	英雄の战靴	0	1	1	0	0
2	------------4	0	1	1	0	0
5	英雄の魔盔	0	1	1	0	0
5	英雄の魔链	0	1	1	0	0
5	英雄の魔镯	0	1	1	0	0
5	英雄の魔腕	0	1	1	0	0
5	英雄の魔戒	0	1	1	0	0
5	英雄の魔指	0	1	1	0	0
7	英雄の魔带	0	1	1	0	0
7	英雄の魔靴	0	1	1	0	0
2	------------4	0	1	1	0	0
5	英雄の尊盔	0	1	1	0	0
5	英雄の尊链	0	1	1	0	0
5	英雄の尊镯	0	1	1	0	0
5	英雄の尊腕	0	1	1	0	0
5	英雄の尊戒	0	1	1	0	0
5	英雄の尊指	0	1	1	0	0
7	英雄の尊带	0	1	1	0	0
7	英雄の尊靴	0	1	1	0	0
2	------------武器	0	1	1	0	0
4	光子剑	0	1	1	0	0
4	天神杖	0	1	1	0	0
4	梦幻之刃	0	1	1	0	0
2	-------------	0	1	1	0	0
4	海边月	0	1	1	0	0
4	幽灵の魔	0	1	1	0	0
4	打神鞭	0	1	1	0	0
2	-------------	0	1	1	0	0
4	英雄圣剑	0	1	1	0	0
4	英雄月神	0	1	1	0	0
4	英雄鸣啼	0	1	1	0	0
2	-------------衣服	0	1	1	0	0
3	神武战甲(男)	0	1	1	0	0
3	神武战甲(女)	0	1	1	0	0
3	凤灵法衣(男)	0	1	1	0	0
3	凤灵法衣(女)	0	1	1	0	0
3	无极道衣(男)	0	1	1	0	0
3	无极道衣(女)	0	1	1	0	0
2	-------------	0	1	1	0	0
3	龙隐圣铠(男)	0	1	1	0	0
3	龙隐圣袍(女)	0	1	1	0	0
3	紫月法袍(男)	0	1	1	0	0
3	紫月法袍(女)	0	1	1	0	0
3	逍遥道袍(男)	0	1	1	0	0
3	逍遥道袍(女)	0	1	1	0	0
2	-------------	0	1	1	0	0
3	英雄圣甲(男)	0	1	1	0	0
3	英雄圣袍(女)	0	1	1	0	0
3	英雄法袍(男)	0	1	1	0	0
3	英雄法袍(女)	0	1	1	0	0
3	英雄道袍(男)	0	1	1	0	0
3	英雄道袍(女)	0	1	1	0	0
2	-------------	0	1	1	0	0
2	-----专属神器-----	0	1	1	0	0
4	天涯游龙剑	0	1	1	0	0
4	破败王者之刃	0	1	1	0	0
3	天使の战甲(男)	0	1	1	0	0
3	天使の战袍(女)	0	1	1	0	0
3	恶魔の使者(男)	0	1	1	0	0
3	恶魔の使者(女)	0	1	1	0	0
5	齐天	0	1	1	0	0
5	兽人面具	0	1	1	0	0
5	权利之眼	0	1	1	0	0
5	馬拉的萬花筒	0	1	1	0	0
7	月光	0	1	1	0	0
7	英雄的枯骨	0	1	1	0	0
5	启示录	0	1	1	0	0
5	镜花水月	0	1	1	0	0
5	魔之左手	0	1	1	0	0
5	神之右手	0	1	1	0	0
7	死神赌注	0	1	1	0	0
7	地狱阔步	0	1	1	0	0
2	-----首饰盒-----	0	1	1	0	0
5	贪婪之心	0	1	1	0	0
5	诅咒娃娃	0	1	1	0	0
5	天蝎毒刺	0	1	1	0	0
5	昊天锤	0	1	1	0	0
5	勇敢的心	0	1	1	0	0
5	地狱火之炬	0	1	1	0	0
2	-----称号------	0	1	1	0	0
1	云鹤九霄	0	1	1	0	0
1	天地无极	0	1	1	0	0
1	日月乾坤	0	1	1	0	0
1	乱世英雄	0	1	1	0	0
1	皇图霸业	0	1	1	0	0
1	龙神护体	0	1	1	0	0
1	绝世无双	0	1	1	0	0
1	武神主宰	0	1	1	0	0
1	登峰造极	0	1	1	0	0
2	------待定	0	1	1	0	0
2	------待定	0	1	1	0	0
2	------待定	0	1	1	0	0
2	-----4大陆时装-----	0	1	1	0	0
1	风雷剑	0	1	1	0	0
1	天龙羽衣(男)	0	1	1	0	0
1	天龙羽衣(女)	0	1	1	0	0
1	蓝色妖姬	0	1	1	0	0
1	珠宝	0	1	1	0	0
1	力量指环	0	1	1	0	0
1	醉意玲珑	0	1	1	0	0
2	------待定	0	1	1	0	0
4	承影剑	0	1	1	0	0
5	玄天の宝录	0	1	1	0	0
6	真·四圣玉	0	1	1	0	0
2	--------5大陆-----	0	1	1	0	0
4	霸者战刃	0	1	1	0	0
3	霸者战甲	0	1	1	0	0
3	霸者战袍	0	1	1	0	0
5	霸者战盔	0	1	1	0	0
5	霸者战链	0	1	1	0	0
5	霸者战镯	0	1	1	0	0
5	霸者战戒	0	1	1	0	0
7	霸者战带	0	1	1	0	0
7	霸者战靴	0	1	1	0	0
2	-----------------	0	1	1	0	0
4	龙渊魔杖	0	1	1	0	0
3	龙渊魔甲	0	1	1	0	0
3	龙渊魔袍	0	1	1	0	0
5	龙渊魔盔	0	1	1	0	0
5	龙渊魔链	0	1	1	0	0
5	龙渊魔镯	0	1	1	0	0
5	龙渊魔戒	0	1	1	0	0
7	龙渊魔带	0	1	1	0	0
7	龙渊魔靴	0	1	1	0	0
2	-----------------	0	1	1	0	0
4	诛邪道剑	0	1	1	0	0
3	诛邪道甲	0	1	1	0	0
3	诛邪道袍	0	1	1	0	0
5	诛邪道盔	0	1	1	0	0
5	诛邪道链	0	1	1	0	0
5	诛邪道镯	0	1	1	0	0
5	诛邪道戒	0	1	1	0	0
7	诛邪道带	0	1	1	0	0
7	诛邪道靴	0	1	1	0	0
2	-----------------	0	1	1	0	0
4	火龙·神剑	0	1	1	0	0
3	火龙·神甲	0	1	1	0	0
3	火龙·神袍	0	1	1	0	0
5	火龙·战盔	0	1	1	0	0
5	火龙·战链	0	1	1	0	0
5	火龙·战镯	0	1	1	0	0
5	火龙·战戒	0	1	1	0	0
7	火龙·战带	0	1	1	0	0
7	火龙·战靴	0	1	1	0	0
2	-----------------	0	1	1	0	0
5	火龙·魔盔	0	1	1	0	0
5	火龙·魔链	0	1	1	0	0
5	火龙·魔镯	0	1	1	0	0
5	火龙·魔戒	0	1	1	0	0
7	火龙·魔带	0	1	1	0	0
7	火龙·魔靴	0	1	1	0	0
2	-----------------	0	1	1	0	0
5	火龙·道盔	0	1	1	0	0
5	火龙·道链	0	1	1	0	0
5	火龙·道镯	0	1	1	0	0
5	火龙·道戒	0	1	1	0	0
7	火龙·道带	0	1	1	0	0
7	火龙·道靴	0	1	1	0	0
2	-----------------	0	1	1	0	0
4	无双·之刃	0	1	1	0	0
3	无双·圣甲	0	1	1	0	0
3	无双·圣袍	0	1	1	0	0
5	无双·战盔	0	1	1	0	0
5	无双·战链	0	1	1	0	0
5	无双·战镯	0	1	1	0	0
5	无双·战戒	0	1	1	0	0
7	无双·战带	0	1	1	0	0
7	无双·战靴	0	1	1	0	0
2	-----------------	0	1	1	0	0
5	无双·魔盔	0	1	1	0	0
5	无双·魔链	0	1	1	0	0
5	无双·魔镯	0	1	1	0	0
5	无双·魔戒	0	1	1	0	0
7	无双·魔带	0	1	1	0	0
7	无双·魔靴	0	1	1	0	0
2	-----------------	0	1	1	0	0
5	无双·道盔	0	1	1	0	0
5	无双·道链	0	1	1	0	0
5	无双·道镯	0	1	1	0	0
5	无双·道戒	0	1	1	0	0
7	无双·道带	0	1	1	0	0
7	无双·道靴	0	1	1	0	0
2	---------------专属	0	1	1	0	0
4	玄天斩灵剑	0	1	1	0	0
3	真·天魔甲	0	1	1	0	0
3	真·天魔袍	0	1	1	0	0
7	狂暴之心	0	1	1	0	0
5	风语咒	0	1	1	0	0
5	苍穹护臂	0	1	1	0	0
5	恩赐解脱	0	1	1	0	0
7	冷月	0	1	1	0	0
7	心炎	0	1	1	0	0
5	灭世者的死亡之帽	0	1	1	0	0
5	恶魔之角	0	1	1	0	0
5	恶魔之心	0	1	1	0	0
5	恶魔头骨	0	1	1	0	0
5	恶魔之爪	0	1	1	0	0
5	待定-------	0	1	1	0	0
5	恶魔の化身	0	1	1	0	0
2	---------------合成	0	1	1	0	0
5	大日の如来	0	1	1	0	0
5	永恒の之夜	0	1	1	0	0
7	三尸の六魔	0	1	1	0	0
7	虚无の缥缈	0	1	1	0	0
5	恶魔の降临	0	1	1	0	0
5	天使の祝福	0	1	1	0	0
3	真の猩猩战甲	0	1	1	0	0
3	真の猩猩战袍	0	1	1	0	0
3	真の麒麟圣甲	0	1	1	0	0
3	真の麒麟圣袍	0	1	1	0	0
2	---------------	0	1	1	0	0
1	[战神]	0	1	1	0	0
1	[法神]	0	1	1	0	0
1	[天尊]	0	1	1	0	0
2	---------------6大陆	0	1	1	0	0
4	武神战刃	0	1	1	0	0
3	武神战甲	0	1	1	0	0
3	武神战袍	0	1	1	0	0
5	武神盔	0	1	1	0	0
5	武神链	0	1	1	0	0
7	武神章	0	1	1	0	0
5	武神镯	0	1	1	0	0
5	武神戒	0	1	1	0	0
7	武神靴	0	1	1	0	0
7	武神带	0	1	1	0	0
2	---------------	0	1	1	0	0
4	神罚之杖	0	1	1	0	0
3	神罚圣甲	0	1	1	0	0
3	神罚圣袍	0	1	1	0	0
5	神罚盔	0	1	1	0	0
5	神罚链	0	1	1	0	0
7	神罚章	0	1	1	0	0
5	神罚镯	0	1	1	0	0
5	神罚戒	0	1	1	0	0
7	神罚靴	0	1	1	0	0
7	神罚带	0	1	1	0	0
2	---------------	0	1	1	0	0
4	玄机道剑	0	1	1	0	0
3	玄机道甲	0	1	1	0	0
3	玄机道袍	0	1	1	0	0
5	玄机盔	0	1	1	0	0
5	玄机链	0	1	1	0	0
7	玄机章	0	1	1	0	0
5	玄机镯	0	1	1	0	0
5	玄机戒	0	1	1	0	0
7	玄机靴	0	1	1	0	0
7	玄机带	0	1	1	0	0
2	---------------	0	1	1	0	0
4	荒古圣剑	0	1	1	0	0
3	荒古圣甲	0	1	1	0	0
3	荒古圣袍	0	1	1	0	0
5	荒古盔	0	1	1	0	0
5	荒古链	0	1	1	0	0
7	荒古章	0	1	1	0	0
5	荒古镯	0	1	1	0	0
5	荒古戒	0	1	1	0	0
7	荒古靴	0	1	1	0	0
7	荒古带	0	1	1	0	0
2	---------------	0	1	1	0	0
4	红莲之杖	0	1	1	0	0
3	红莲法甲	0	1	1	0	0
3	红莲法袍	0	1	1	0	0
5	红莲盔	0	1	1	0	0
5	红莲链	0	1	1	0	0
7	红莲章	0	1	1	0	0
5	红莲镯	0	1	1	0	0
5	红莲戒	0	1	1	0	0
7	红莲靴	0	1	1	0	0
7	红莲带	0	1	1	0	0
2	---------------	0	1	1	0	0
4	太虚扇	0	1	1	0	0
3	太虚甲	0	1	1	0	0
3	太虚袍	0	1	1	0	0
5	太虚盔	0	1	1	0	0
5	太虚链	0	1	1	0	0
7	太虚章	0	1	1	0	0
5	太虚镯	0	1	1	0	0
5	太虚戒	0	1	1	0	0
7	太虚靴	0	1	1	0	0
7	太虚带	0	1	1	0	0
2	---------------时装	0	1	1	0	0
1	主宰之刃	0	1	1	0	0
1	主宰战甲	0	1	1	0	0
1	主宰战袍	0	1	1	0	0
1	定风珠	0	1	1	0	0
1	八卦盘	0	1	1	0	0
1	炼妖壶	0	1	1	0	0
1	彼岸花	0	1	1	0	0
2	-------------------专属	0	1	1	0	0
5	炎魔の之手	0	1	1	0	0
5	泰坦の之怒	0	1	1	0	0
5	九幽の黄泉	0	1	1	0	0
7	兽王の令	0	1	1	0	0
7	超能の力	0	1	1	0	0
4	干将莫邪	0	1	1	0	0
1	狐假虎威(限定)	0	1	1	0	0
2	-------------------7大陆	0	1	1	0	0
1	超凡入圣	0	1	1	0	0
1	寒冰之心	0	1	1	0	0
1	永无止境	0	1	1	0	0
1	破碎虚空	0	1	1	0	0
1	三仙六魔	0	1	1	0	0
1	仙人两隔	0	1	1	0	0
1	天魔之体LV.1	0	1	1	0	0
1	天魔之体LV.2	0	1	1	0	0
1	天魔之体LV.3	0	1	1	0	0
1	天魔之体LV.4	0	1	1	0	0
1	天魔之体LV.5	0	1	1	0	0
1	天魔之体LV.6	0	1	1	0	0
1	天魔之体LV.7	0	1	1	0	0
1	天魔之体LV.8	0	1	1	0	0
1	天魔之体LV.9	0	1	1	0	0
1	天魔之体LV.10	0	1	1	0	0
2	-----------------	0	1	1	0	0
1	元素之心LV.1	0	1	1	0	0
1	元素之心LV.2	0	1	1	0	0
1	元素之心LV.3	0	1	1	0	0
1	元素之心LV.4	0	1	1	0	0
1	元素之心LV.5	0	1	1	0	0
1	元素之心LV.6	0	1	1	0	0
1	元素之心LV.7	0	1	1	0	0
1	元素之心LV.8	0	1	1	0	0
1	元素之心LV.9	0	1	1	0	0
1	元素之心LV.10	0	1	1	0	0
2	-----------------	0	1	1	0	0
1	斩仙问道LV.1	0	1	1	0	0
1	斩仙问道LV.2	0	1	1	0	0
1	斩仙问道LV.3	0	1	1	0	0
1	斩仙问道LV.4	0	1	1	0	0
1	斩仙问道LV.5	0	1	1	0	0
1	斩仙问道LV.6	0	1	1	0	0
1	斩仙问道LV.7	0	1	1	0	0
1	斩仙问道LV.8	0	1	1	0	0
1	斩仙问道LV.9	0	1	1	0	0
1	斩仙问道LV.10	0	1	1	0	0
2	-----------------	0	1	1	0	0
5	梵天盔の[战]	0	1	1	0	0
5	梵天链の[战]	0	1	1	0	0
7	梵天章の[战]	0	1	1	0	0
5	梵天镯の[战]	0	1	1	0	0
5	梵天戒の[战]	0	1	1	0	0
7	梵天带の[战]	0	1	1	0	0
7	梵天靴の[战]	0	1	1	0	0
2	-----------------	0	1	1	0	0
5	梵天盔の[法]	0	1	1	0	0
5	梵天链の[法]	0	1	1	0	0
7	梵天章の[法]	0	1	1	0	0
5	梵天镯の[法]	0	1	1	0	0
5	梵天戒の[法]	0	1	1	0	0
7	梵天带の[法]	0	1	1	0	0
7	梵天靴の[法]	0	1	1	0	0
2	-----------------	0	1	1	0	0
5	梵天盔の[道]	0	1	1	0	0
5	梵天链の[道]	0	1	1	0	0
7	梵天章の[道]	0	1	1	0	0
5	梵天镯の[道]	0	1	1	0	0
5	梵天戒の[道]	0	1	1	0	0
7	梵天带の[道]	0	1	1	0	0
7	梵天靴の[道]	0	1	1	0	0
2	-----------------	0	1	1	0	0
5	日月盔の[战]	0	1	1	0	0
5	日月链の[战]	0	1	1	0	0
7	日月章の[战]	0	1	1	0	0
5	日月镯の[战]	0	1	1	0	0
5	日月戒の[战]	0	1	1	0	0
7	日月带の[战]	0	1	1	0	0
7	日月靴の[战]	0	1	1	0	0
2	-----------------	0	1	1	0	0
5	日月盔の[法]	0	1	1	0	0
5	日月链の[法]	0	1	1	0	0
7	日月章の[法]	0	1	1	0	0
5	日月镯の[法]	0	1	1	0	0
5	日月戒の[法]	0	1	1	0	0
7	日月带の[法]	0	1	1	0	0
7	日月靴の[法]	0	1	1	0	0
2	-----------------	0	1	1	0	0
5	日月盔の[道]	0	1	1	0	0
5	日月链の[道]	0	1	1	0	0
7	日月章の[道]	0	1	1	0	0
5	日月镯の[道]	0	1	1	0	0
5	日月戒の[道]	0	1	1	0	0
7	日月带の[道]	0	1	1	0	0
7	日月靴の[道]	0	1	1	0	0
2	-----------------	0	1	1	0	0
5	破仙盔の[战]	0	1	1	0	0
5	破仙链の[战]	0	1	1	0	0
7	破仙章の[战]	0	1	1	0	0
5	破仙镯の[战]	0	1	1	0	0
5	破仙戒の[战]	0	1	1	0	0
7	破仙带の[战]	0	1	1	0	0
7	破仙靴の[战]	0	1	1	0	0
2	-----------------	0	1	1	0	0
5	破仙盔の[法]	0	1	1	0	0
5	破仙链の[法]	0	1	1	0	0
7	破仙章の[法]	0	1	1	0	0
5	破仙镯の[法]	0	1	1	0	0
5	破仙戒の[法]	0	1	1	0	0
7	破仙带の[法]	0	1	1	0	0
7	破仙靴の[法]	0	1	1	0	0
2	-----------------	0	1	1	0	0
5	破仙盔の[道]	0	1	1	0	0
5	破仙链の[道]	0	1	1	0	0
7	破仙章の[道]	0	1	1	0	0
5	破仙镯の[道]	0	1	1	0	0
5	破仙戒の[道]	0	1	1	0	0
7	破仙带の[道]	0	1	1	0	0
7	破仙靴の[道]	0	1	1	0	0
2	-----------------	0	1	1	0	0
5	荣耀盔の[战]	0	1	1	0	0
5	荣耀链の[战]	0	1	1	0	0
7	荣耀章の[战]	0	1	1	0	0
5	荣耀镯の[战]	0	1	1	0	0
5	荣耀戒の[战]	0	1	1	0	0
7	荣耀带の[战]	0	1	1	0	0
7	荣耀靴の[战]	0	1	1	0	0
2	-----------------	0	1	1	0	0
5	荣耀盔の[法]	0	1	1	0	0
5	荣耀链の[法]	0	1	1	0	0
7	荣耀章の[法]	0	1	1	0	0
5	荣耀镯の[法]	0	1	1	0	0
5	荣耀戒の[法]	0	1	1	0	0
7	荣耀带の[法]	0	1	1	0	0
7	荣耀靴の[法]	0	1	1	0	0
2	-----------------	0	1	1	0	0
5	荣耀盔の[道]	0	1	1	0	0
5	荣耀链の[道]	0	1	1	0	0
7	荣耀章の[道]	0	1	1	0	0
5	荣耀镯の[道]	0	1	1	0	0
5	荣耀戒の[道]	0	1	1	0	0
7	荣耀带の[道]	0	1	1	0	0
7	荣耀靴の[道]	0	1	1	0	0
2	-----------------	0	1	1	0	0
4	梵天圣剑	0	1	1	0	0
3	梵天圣甲	0	1	1	0	0
3	梵天圣袍	0	1	1	0	0
2	-----------------	0	1	1	0	0
4	日月神剑	0	1	1	0	0
3	日月神甲	0	1	1	0	0
3	日月神袍	0	1	1	0	0
2	-----------------	0	1	1	0	0
4	破仙之刃	0	1	1	0	0
3	破仙战甲	0	1	1	0	0
3	破仙战袍	0	1	1	0	0
2	-----------------	0	1	1	0	0
4	荣耀之光	0	1	1	0	0
3	荣耀仙甲	0	1	1	0	0
3	荣耀仙袍	0	1	1	0	0
2	-----------------	0	1	1	0	0
2	-----------------	0	1	1	0	0
2	-----------------	0	1	1	0	0
2	-----------------	0	1	1	0	0
7	刹那芳华[封印]	0	1	1	0	0
5	月下美人[封印]	0	1	1	0	0
5	冰封万里[封印]	0	1	1	0	0
5	北辰之光[封印]	0	1	1	0	0
2	-----------------	0	1	1	0	0
5	九龙升天[封印]	0	1	1	0	0
2	-----------------	0	1	1	0	0
5	群魔乱舞[封印]	0	1	1	0	0
2	-----------------	0	1	1	0	0
5	风暴之力[封印]	0	1	1	0	0
2	-----------------	0	1	1	0	0
2	-----------------	0	1	1	0	0
5	一元重水[封印]	0	1	1	0	0
5	掠夺者[封印]	0	1	1	0	0
5	般若指[封印]	0	1	1	0	0
5	守望者[封印]	0	1	1	0	0
2	-----------------	0	1	1	0	0
3	葬法金袍の【法相】	0	1	1	0	0
3	葬法金甲の【法相】	0	1	1	0	0
4	天衍神剑の【诛仙】	0	1	1	0	0
7	刹那芳华	0	1	1	0	0
5	月下美人	0	1	1	0	0
5	冰封万里	0	1	1	0	0
5	北辰之光	0	1	1	0	0
2	-----------------	0	1	1	0	0
5	九龙升天	0	1	1	0	0
2	-----------------	0	1	1	0	0
5	群魔乱舞	0	1	1	0	0
2	-----------------	0	1	1	0	0
5	风暴之力	0	1	1	0	0
2	-----------------	0	1	1	0	0
2	-----------------	0	1	1	0	0
5	一元重水	0	1	1	0	0
5	掠·夺·者	0	1	1	0	0
5	般·若·指	0	1	1	0	0
5	守·望·者	0	1	1	0	0
2	-----------------	0	1	1	0	0
2	-----------------	0	1	1	0	0
7	断水[封印]	0	1	1	0	0
7	龙泣[封印]	0	1	1	0	0
7	望月[封印]	0	1	1	0	0
7	断★水	0	1	1	0	0
7	龙★泣	0	1	1	0	0
7	望★月	0	1	1	0	0
2	-----------------	0	1	1	0	0
1	[真·战神]	0	1	1	0	0
1	[真·法神]	0	1	1	0	0
1	[真·天尊]	0	1	1	0	0
2	-------------------8大陆	0	1	1	0	0
1	天恒石	0	1	1	0	0
1	五色神羽	0	1	1	0	0
1	造化神石	0	1	1	0	0
1	天外陨石	0	1	1	0	0
1	苍茫朽木	0	1	1	0	0
1	深渊之水	0	1	1	0	0
1	地心之火	0	1	1	0	0
1	九天神泥	0	1	1	0	0
1	太阴	0	1	1	0	0
1	太阳	0	1	1	0	0
2	---------时装	0	1	1	0	0
1	天使联盟	0	1	1	0	0
1	泰坦·甲	0	1	1	0	0
1	泰坦·袍	0	1	1	0	0
1	飞鸿踏雪	0	1	1	0	0
1	龙王神力	0	1	1	0	0
1	山河画卷	0	1	1	0	0
1	琉璃月	0	1	1	0	0
2	---------首饰盒	0	1	1	0	0
5	乱阴阳	0	1	1	0	0
5	拜将台	0	1	1	0	0
5	生死盘	0	1	1	0	0
5	封界碑	0	1	1	0	0
5	星辰变	0	1	1	0	0
5	困天锁	0	1	1	0	0
5	原始卍真解	0	1	1	0	0
2	---------合成	0	1	1	0	0
1	英雄之翼	0	1	1	0	0
4	七星龙渊	0	1	1	0	0
6	至尊·骨	0	1	1	0	0
1	上古精血	0	1	1	0	0
1	羽化·飞仙·逍遥天地	0	1	1	0	0
1	言扬·青天·屠戮苍生	0	1	1	0	0
1	森罗·万象·唯我独尊	0	1	1	0	0
1	深渊[副本]	0	1	1	0	0
2	---------	0	1	1	0	0
2	-----------套装1	0	1	1	0	0
5	飞天盔·[战]	0	1	1	0	0
5	飞天链·[战]	0	1	1	0	0
7	飞天章·[战]	0	1	1	0	0
5	飞天镯·[战]	0	1	1	0	0
5	飞天戒·[战]	0	1	1	0	0
7	飞天带·[战]	0	1	1	0	0
7	飞天靴·[战]	0	1	1	0	0
2	----------------	0	1	1	0	0
5	飞天盔·[法]	0	1	1	0	0
5	飞天链·[法]	0	1	1	0	0
7	飞天章·[法]	0	1	1	0	0
5	飞天镯·[法]	0	1	1	0	0
5	飞天戒·[法]	0	1	1	0	0
7	飞天带·[法]	0	1	1	0	0
7	飞天靴·[法]	0	1	1	0	0
2	----------------	0	1	1	0	0
5	飞天盔·[道]	0	1	1	0	0
5	飞天链·[道]	0	1	1	0	0
7	飞天章·[道]	0	1	1	0	0
5	飞天镯·[道]	0	1	1	0	0
5	飞天戒·[道]	0	1	1	0	0
7	飞天带·[道]	0	1	1	0	0
7	飞天靴·[道]	0	1	1	0	0
2	-----------套装2	0	1	1	0	0
5	青阳盔·[战]	0	1	1	0	0
5	青阳链·[战]	0	1	1	0	0
7	青阳章·[战]	0	1	1	0	0
5	青阳镯·[战]	0	1	1	0	0
5	青阳戒·[战]	0	1	1	0	0
7	青阳带·[战]	0	1	1	0	0
7	青阳靴·[战]	0	1	1	0	0
2	----------------	0	1	1	0	0
5	青阳盔·[法]	0	1	1	0	0
5	青阳链·[法]	0	1	1	0	0
7	青阳章·[法]	0	1	1	0	0
5	青阳镯·[法]	0	1	1	0	0
5	青阳戒·[法]	0	1	1	0	0
7	青阳带·[法]	0	1	1	0	0
7	青阳靴·[法]	0	1	1	0	0
2	----------------	0	1	1	0	0
5	青阳盔·[道]	0	1	1	0	0
5	青阳链·[道]	0	1	1	0	0
7	青阳章·[道]	0	1	1	0	0
5	青阳镯·[道]	0	1	1	0	0
5	青阳戒·[道]	0	1	1	0	0
7	青阳带·[道]	0	1	1	0	0
7	青阳靴·[道]	0	1	1	0	0
2	-----------套装3	0	1	1	0	0
5	森罗盔·[战]	0	1	1	0	0
5	森罗链·[战]	0	1	1	0	0
7	森罗章·[战]	0	1	1	0	0
5	森罗镯·[战]	0	1	1	0	0
5	森罗戒·[战]	0	1	1	0	0
7	森罗带·[战]	0	1	1	0	0
7	森罗靴·[战]	0	1	1	0	0
2	----------------	0	1	1	0	0
5	森罗盔·[法]	0	1	1	0	0
5	森罗链·[法]	0	1	1	0	0
7	森罗章·[法]	0	1	1	0	0
5	森罗镯·[法]	0	1	1	0	0
5	森罗戒·[法]	0	1	1	0	0
7	森罗带·[法]	0	1	1	0	0
7	森罗靴·[法]	0	1	1	0	0
2	----------------	0	1	1	0	0
5	森罗盔·[道]	0	1	1	0	0
5	森罗链·[道]	0	1	1	0	0
7	森罗章·[道]	0	1	1	0	0
5	森罗镯·[道]	0	1	1	0	0
5	森罗戒·[道]	0	1	1	0	0
7	森罗带·[道]	0	1	1	0	0
7	森罗靴·[道]	0	1	1	0	0
2	----------------	0	1	1	0	0
4	飞天神剑	0	1	1	0	0
3	飞天神甲	0	1	1	0	0
3	飞天神袍	0	1	1	0	0
2	----------------	0	1	1	0	0
4	青阳	0	1	1	0	0
3	青阳甲	0	1	1	0	0
3	青阳袍	0	1	1	0	0
2	----------------	0	1	1	0	0
4	森罗圣剑	0	1	1	0	0
3	森罗圣甲	0	1	1	0	0
3	森罗圣袍	0	1	1	0	0
2	-------------8大陆神器	0	1	1	0	0
4	天赐·神兵	0	1	1	0	0
3	诅咒·之甲	0	1	1	0	0
3	诅咒·之铠	0	1	1	0	0
5	咫尺天涯	0	1	1	0	0
5	神罚之眼	0	1	1	0	0
5	南明离火	0	1	1	0	0
5	圣女贞德的祝福	0	1	1	0	0
7	亡者之印	0	1	1	0	0
5	最终审判	0	1	1	0	0
5	冰女之泪	0	1	1	0	0
5	剧毒之爪	0	1	1	0	0
5	暗黑切割者	0	1	1	0	0
5	至尊魔戒	0	1	1	0	0
7	九尺墨影	0	1	1	0	0
7	如影随形	0	1	1	0	0
2	----------------封印	0	1	1	0	0
4	天赐·神兵[封印]	0	1	1	0	0
3	诅咒·之甲[封印]	0	1	1	0	0
3	诅咒·之铠[封印]	0	1	1	0	0
5	神罚之眼[封印]	0	1	1	0	0
5	南明离火[封印]	0	1	1	0	0
5	圣女贞德的祝福[封印]	0	1	1	0	0
7	亡者之印[封印]	0	1	1	0	0
5	最终审判[封印]	0	1	1	0	0
5	剧毒之爪[封印]	0	1	1	0	0
5	暗黑切割者[封印]	0	1	1	0	0
5	至尊魔戒[封印]	0	1	1	0	0
7	九尺墨影[封印]	0	1	1	0	0
7	如影随形[封印]	0	1	1	0	0
2	----------------9大陆	0	1	1	0	0
2	神域传送石	0	1	1	0	0
1	[起源]力量之石	0	1	1	0	0
1	[起源]时间之石	0	1	1	0	0
1	[起源]空间之石	0	1	1	0	0
1	[起源]灵魂之石	0	1	1	0	0
5	起源の之心	0	1	1	0	0
2	----------------9大陆套装	0	1	1	0	0
5	圣皇の盔[战]	0	1	1	0	0
5	圣皇の链[战]	0	1	1	0	0
7	圣皇の章[战]	0	1	1	0	0
5	圣皇の镯[战]	0	1	1	0	0
5	圣皇の戒[战]	0	1	1	0	0
7	圣皇の带[战]	0	1	1	0	0
7	圣皇の靴[战]	0	1	1	0	0
2	---------------	0	1	1	0	0
5	圣皇の盔[法]	0	1	1	0	0
5	圣皇の链[法]	0	1	1	0	0
7	圣皇の章[法]	0	1	1	0	0
5	圣皇の镯[法]	0	1	1	0	0
5	圣皇の戒[法]	0	1	1	0	0
7	圣皇の带[法]	0	1	1	0	0
7	圣皇の靴[法]	0	1	1	0	0
2	---------------	0	1	1	0	0
5	圣皇の盔[道]	0	1	1	0	0
5	圣皇の链[道]	0	1	1	0	0
7	圣皇の章[道]	0	1	1	0	0
5	圣皇の镯[道]	0	1	1	0	0
5	圣皇の戒[道]	0	1	1	0	0
7	圣皇の带[道]	0	1	1	0	0
7	圣皇の靴[道]	0	1	1	0	0
2	---------------	0	1	1	0	0
5	天绝の盔[战]	0	1	1	0	0
5	天绝の链[战]	0	1	1	0	0
7	天绝の章[战]	0	1	1	0	0
5	天绝の镯[战]	0	1	1	0	0
5	天绝の戒[战]	0	1	1	0	0
7	天绝の带[战]	0	1	1	0	0
7	天绝の靴[战]	0	1	1	0	0
2	---------------	0	1	1	0	0
5	天绝の盔[法]	0	1	1	0	0
5	天绝の链[法]	0	1	1	0	0
7	天绝の章[法]	0	1	1	0	0
5	天绝の镯[法]	0	1	1	0	0
5	天绝の戒[法]	0	1	1	0	0
7	天绝の带[法]	0	1	1	0	0
7	天绝の靴[法]	0	1	1	0	0
2	---------------	0	1	1	0	0
5	天绝の盔[道]	0	1	1	0	0
5	天绝の链[道]	0	1	1	0	0
7	天绝の章[道]	0	1	1	0	0
5	天绝の镯[道]	0	1	1	0	0
5	天绝の戒[道]	0	1	1	0	0
7	天绝の带[道]	0	1	1	0	0
7	天绝の靴[道]	0	1	1	0	0
2	---------------	0	1	1	0	0
5	寂灭の盔[战]	0	1	1	0	0
5	寂灭の链[战]	0	1	1	0	0
7	寂灭の章[战]	0	1	1	0	0
5	寂灭の镯[战]	0	1	1	0	0
5	寂灭の戒[战]	0	1	1	0	0
7	寂灭の带[战]	0	1	1	0	0
7	寂灭の靴[战]	0	1	1	0	0
2	---------------	0	1	1	0	0
5	寂灭の盔[法]	0	1	1	0	0
5	寂灭の链[法]	0	1	1	0	0
7	寂灭の章[法]	0	1	1	0	0
5	寂灭の镯[法]	0	1	1	0	0
5	寂灭の戒[法]	0	1	1	0	0
7	寂灭の带[法]	0	1	1	0	0
7	寂灭の靴[法]	0	1	1	0	0
2	---------------	0	1	1	0	0
5	寂灭の盔[道]	0	1	1	0	0
5	寂灭の链[道]	0	1	1	0	0
7	寂灭の章[道]	0	1	1	0	0
5	寂灭の镯[道]	0	1	1	0	0
5	寂灭の戒[道]	0	1	1	0	0
7	寂灭の带[道]	0	1	1	0	0
7	寂灭の靴[道]	0	1	1	0	0
2	---------------	0	1	1	0	0
5	无尽の盔[战]	0	1	1	0	0
5	无尽の链[战]	0	1	1	0	0
7	无尽の章[战]	0	1	1	0	0
5	无尽の镯[战]	0	1	1	0	0
5	无尽の戒[战]	0	1	1	0	0
7	无尽の带[战]	0	1	1	0	0
7	无尽の靴[战]	0	1	1	0	0
2	---------------	0	1	1	0	0
5	无尽の盔[法]	0	1	1	0	0
5	无尽の链[法]	0	1	1	0	0
7	无尽の章[法]	0	1	1	0	0
5	无尽の镯[法]	0	1	1	0	0
5	无尽の戒[法]	0	1	1	0	0
7	无尽の带[法]	0	1	1	0	0
7	无尽の靴[法]	0	1	1	0	0
2	---------------	0	1	1	0	0
5	无尽の盔[道]	0	1	1	0	0
5	无尽の链[道]	0	1	1	0	0
7	无尽の章[道]	0	1	1	0	0
5	无尽の镯[道]	0	1	1	0	0
5	无尽の戒[道]	0	1	1	0	0
7	无尽の带[道]	0	1	1	0	0
7	无尽の靴[道]	0	1	1	0	0
2	---------------	0	1	1	0	0
5	涅槃の盔[战]	0	1	1	0	0
5	涅槃の链[战]	0	1	1	0	0
7	涅槃の章[战]	0	1	1	0	0
5	涅槃の镯[战]	0	1	1	0	0
5	涅槃の戒[战]	0	1	1	0	0
7	涅槃の带[战]	0	1	1	0	0
7	涅槃の靴[战]	0	1	1	0	0
2	---------------	0	1	1	0	0
5	涅槃の盔[法]	0	1	1	0	0
5	涅槃の链[法]	0	1	1	0	0
7	涅槃の章[法]	0	1	1	0	0
5	涅槃の镯[法]	0	1	1	0	0
5	涅槃の戒[法]	0	1	1	0	0
7	涅槃の带[法]	0	1	1	0	0
7	涅槃の靴[法]	0	1	1	0	0
2	---------------	0	1	1	0	0
5	涅槃の盔[道]	0	1	1	0	0
5	涅槃の链[道]	0	1	1	0	0
7	涅槃の章[道]	0	1	1	0	0
5	涅槃の镯[道]	0	1	1	0	0
5	涅槃の戒[道]	0	1	1	0	0
7	涅槃の带[道]	0	1	1	0	0
7	涅槃の靴[道]	0	1	1	0	0
2	---------------	0	1	1	0	0
5	苍穹の盔[战]	0	1	1	0	0
5	苍穹の链[战]	0	1	1	0	0
7	苍穹の章[战]	0	1	1	0	0
5	苍穹の镯[战]	0	1	1	0	0
5	苍穹の戒[战]	0	1	1	0	0
7	苍穹の带[战]	0	1	1	0	0
7	苍穹の靴[战]	0	1	1	0	0
2	---------------	0	1	1	0	0
5	苍穹の盔[法]	0	1	1	0	0
5	苍穹の链[法]	0	1	1	0	0
7	苍穹の章[法]	0	1	1	0	0
5	苍穹の镯[法]	0	1	1	0	0
5	苍穹の戒[法]	0	1	1	0	0
7	苍穹の带[法]	0	1	1	0	0
7	苍穹の靴[法]	0	1	1	0	0
2	---------------	0	1	1	0	0
5	苍穹の盔[道]	0	1	1	0	0
5	苍穹の链[道]	0	1	1	0	0
7	苍穹の章[道]	0	1	1	0	0
5	苍穹の镯[道]	0	1	1	0	0
5	苍穹の戒[道]	0	1	1	0	0
7	苍穹の带[道]	0	1	1	0	0
7	苍穹の靴[道]	0	1	1	0	0
2	---------------	0	1	1	0	0
2	---------------9大陆称号	0	1	1	0	0
1	[圣皇]·举世无双	0	1	1	0	0
1	[天绝]·屠戮苍生	0	1	1	0	0
1	[寂灭]·杀戮轮回	0	1	1	0	0
1	[无尽]·无极真义	0	1	1	0	0
1	[涅槃]·洪荒破天	0	1	1	0	0
1	[苍穹]·不朽之王	0	1	1	0	0
1	归墟净螭	0	1	1	0	0
2	---------------9大陆神器	0	1	1	0	0
4	【荣耀】の霸者之刃	0	1	1	0	0
4	创世≮史詩≯·刹那槍	0	1	1	0	0
4	【传承】の神聖法則	0	1	1	0	0
4	【至尊】の权利之杖	0	1	1	0	0
4	【无双】の八部浮屠	0	1	1	0	0
4	【恒古】·度佛解魔	0	1	1	0	0
4	[仙]·一眼万年	0	1	1	0	0
2	------------	0	1	1	0	0
2	------------	0	1	1	0	0
2	------------	0	1	1	0	0
1	[神]	0	1	1	0	0
1	[魔]	0	1	1	0	0
1	[尊]	0	1	1	0	0
1	神位凭证	0	1	1	0	0
2	------------头	0	1	1	0	0
5	传说之力	0	1	1	0	0
5	星河大帝	0	1	1	0	0
5	天地造化	0	1	1	0	0
5	诸神黄昏	0	1	1	0	0
5	万里碧海	0	1	1	0	0
5	三千大道	0	1	1	0	0
2	------------项链	0	1	1	0	0
5	风林火山	0	1	1	0	0
5	上古意志	0	1	1	0	0
5	暗夜之铭	0	1	1	0	0
5	神怒之炎	0	1	1	0	0
5	永恒命运	0	1	1	0	0
5	玄天之力	0	1	1	0	0
2	------------勋章	0	1	1	0	0
7	诸神印记	0	1	1	0	0
7	不朽之心	0	1	1	0	0
7	魔灵之渊	0	1	1	0	0
7	虚幻梦千回	0	1	1	0	0
7	无极真义	0	1	1	0	0
7	入梦神机	0	1	1	0	0
2	------------手镯	0	1	1	0	0
5	【圣】之传承	0	1	1	0	0
5	创世之镯	0	1	1	0	0
5	【魔】之复兴	0	1	1	0	0
5	九天凤鸾鸣	0	1	1	0	0
5	【尊】之苍穹	0	1	1	0	0
5	死亡笔记	0	1	1	0	0
2	------------戒指	0	1	1	0	0
5	死亡之光	0	1	1	0	0
5	永夜君王	0	1	1	0	0
5	紫薇正曜	0	1	1	0	0
5	九星揽月	0	1	1	0	0
5	瘟疫之源	0	1	1	0	0
5	大衍天玄	0	1	1	0	0
2	------------腰带	0	1	1	0	0
7	【入圣】·咆哮之带	0	1	1	0	0
7	【封神】·神魔之带	0	1	1	0	0
7	【修罗】·降妖之带	0	1	1	0	0
2	------------靴子	0	1	1	0	0
7	【入圣】·咆哮之靴	0	1	1	0	0
7	【封神】·神魔之靴	0	1	1	0	0
7	【修罗】·降妖之靴	0	1	1	0	0
2	------------盾牌面巾	0	1	1	0	0
1	鸿蒙神盾	0	1	1	0	0
1	至尊面巾	0	1	1	0	0
1	释迦摩尼披风	0	1	1	0	0
1	不朽之王面巾	0	1	1	0	0
2	------------首饰盒	0	1	1	0	0
5	武动乾坤	0	1	1	0	0
5	斗破苍穹	0	1	1	0	0
5	吞噬星空	0	1	1	0	0
5	神印王座	0	1	1	0	0
5	一念永恒	0	1	1	0	0
5	完美の世界	0	1	1	0	0
2	------------时装	0	1	1	0	0
1	[一念]·诛仙	0	1	1	0	0
2	------------	0	1	1	0	0
1	恒古匆匆	0	1	1	0	0
1	传奇寞路	0	1	1	0	0
1	太上忘情	0	1	1	0	0
1	净天之命	0	1	1	0	0
2	------------套装剑甲	0	1	1	0	0
4	圣皇の刃	0	1	1	0	0
3	圣皇の铠	0	1	1	0	0
3	圣皇の袍	0	1	1	0	0
2	------------	0	1	1	0	0
4	天绝の刀	0	1	1	0	0
3	天绝の铠	0	1	1	0	0
3	天绝の袍	0	1	1	0	0
2	------------	0	1	1	0	0
4	寂灭の神剑	0	1	1	0	0
3	寂灭の神铠	0	1	1	0	0
3	寂灭の神袍	0	1	1	0	0
2	------------	0	1	1	0	0
4	无尽の神剑	0	1	1	0	0
3	无尽の神铠	0	1	1	0	0
3	无尽の神袍	0	1	1	0	0
2	------------	0	1	1	0	0
4	苍穹の之杖	0	1	1	0	0
3	苍穹の之铠	0	1	1	0	0
3	苍穹の之袍	0	1	1	0	0
2	------------	0	1	1	0	0
4	涅槃の圣刃	0	1	1	0	0
3	涅槃の圣铠	0	1	1	0	0
3	涅槃の圣袍	0	1	1	0	0
2	------------9大陆衣服	0	1	1	0	0
3	【太古】·龙鳞金甲	0	1	1	0	0
3	【太古】·龙鳞金袍	0	1	1	0	0
3	【神】·混沌神躯【男】	0	1	1	0	0
3	【神】·混沌神躯【女】	0	1	1	0	0
2	------------	0	1	1	0	0
3	【破魔】·黄昏之泪【男】	0	1	1	0	0
3	【破魔】·黄昏之泪【女】	0	1	1	0	0
3	【神】·幻彩琉璃甲	0	1	1	0	0
3	【神】·幻彩琉璃袍	0	1	1	0	0
2	------------	0	1	1	0	0
3	【深渊】·毒龙之身【男】	0	1	1	0	0
3	【深渊】·毒龙之身【女】	0	1	1	0	0
3	【神】·虚无天道甲	0	1	1	0	0
3	【神】·虚无天道袍	0	1	1	0	0
2	------------时装	0	1	1	0	0
1	[天道]·化身甲	0	1	1	0	0
1	[天道]·化身袍	0	1	1	0	0
2	------------	0	1	1	0	0
2	------------	0	1	1	0	0
1	裂神符	0	1	1	0	0
1	噬血术	0	1	1	0	0
1	诅咒术	0	1	1	0	0
1	死亡之眼	0	1	1	0	0
2	------------	0	1	1	0	0
1	开天斩	0	1	1	0	0
1	彻地钉	0	1	1	0	0
1	逐日剑法	0	1	1	0	0
1	倚天辟地	0	1	1	0	0
1	十步一杀	0	1	1	0	0
2	------------	0	1	1	0	0
1	冰霜群雨	0	1	1	0	0
1	流星火雨	0	1	1	0	0
1	灭天火	0	1	1	0	0
1	群体雷电术	0	1	1	0	0
1	1充值点	0	1	1	0	0
1	除魔令	0	1	1	0	0
1	神圣麒麟	0	1	1	0	0
1	龙影剑法	0	1	1	0	0
1	自动回收	0	1	1	0	0
1	自动捡取	0	1	1	0	0
1	自动挂机	0	1	1	0	0
7	爆率腰牌(1.1)[限时]	0	1	1	0	0
1	侠客面巾[限时]	0	1	1	0	0
1	勇士护盾[限时]	0	1	1	0	0
7	爆率腰牌(3.0)[限时]	0	1	1	0	0
1	金币	0	1	1	0	0
