;怪物名称  背景编号  背景偏移X  背景偏移Y  图像编号  图像偏移X  图像偏移Y  血条编号  血条偏移X  血条偏移Y  显示等级(-1~255)  等级偏移X  等级偏移Y  怪物显名(-1~255)  名字偏移X  名字偏移Y  显示血值(-1~255)  血值偏移X  血值偏移Y  显示血量百分比(-1~255)  百分比偏移X  百分比偏移Y  显示怪物归属(-1~255)  归属偏移X  归属偏移Y  水平对齐(0:左;1:中;2:右)


沃玛教主  0 300 60 1 50 18 0 98 48 243 125 28 -1 0 0  251 180 50  251 275 30 250 170 30 0
触龙神  0 300 60 1 50 18 0 98 48 243 125 28 -1 0 0  251 180 50  251 275 30 250 170 30 0
祖玛教主  0 300 60 1 50 18 0 98 48 243 125 28 -1 0 0  251 180 50  251 275 30 250 170 30 0
双头血魔  0 300 60 1 50 18 0 98 48 243 125 28 -1 0 0  251 180 50  251 275 30 250 170 30 0
双头金刚  0 300 60 1 50 18 0 98 48 243 125 28 -1 0 0  251 180 50  251 275 30 250 170 30 0
暗之触龙神  0 300 60 1 50 18 0 98 48 243 125 28 -1 0 0  251 180 50  251 275 30 250 170 30 0
虹魔教主  0 300 60 1 50 18 0 98 48 243 125 28 -1 0 0  251 180 50  251 275 30 250 170 30 0
万年树妖  0 300 60 1 50 18 0 98 48 243 125 28 -1 0 0  251 180 50  251 275 30 250 170 30 0
黄泉教主  0 300 60 1 50 18 0 98 48 243 125 28 -1 0 0  251 180 50  251 275 30 250 170 30 0
牛魔王  0 300 60 1 50 18 0 98 48 243 125 28 -1 0 0  251 180 50  251 275 30 250 170 30 0
暗之牛魔王  0 300 60 1 50 18 0 98 48 243 125 28 -1 0 0  251 180 50  251 275 30 250 170 30 0
暗之双头血魔  0 300 60 1 50 18 0 98 48 243 125 28 -1 0 0  251 180 50  251 275 30 250 170 30 0
暗之双头金刚  0 300 60 1 50 18 0 98 48 243 125 28 -1 0 0  251 180 50  251 275 30 250 170 30 0
暗之黄泉教主  0 300 60 1 50 18 0 98 48 243 125 28 -1 0 0  251 180 50  251 275 30 250 170 30 0
暗之骷髅精灵  0 300 60 1 50 18 0 98 48 243 125 28 -1 0 0  251 180 50  251 275 30 250 170 30 0
暗之沃玛教主  0 300 60 1 50 18 0 98 48 243 125 28 -1 0 0  251 180 50  251 275 30 250 170 30 0
暗之虹魔教主  0 300 60 1 50 18 0 98 48 243 125 28 -1 0 0  251 180 50  251 275 30 250 170 30 0
米尔皇帝  0 300 60 1 50 18 0 98 48 243 125 28 -1 0 0  251 180 50  251 275 30 250 170 30 0
蚁后  0 300 60 1 50 18 0 98 48 243 125 28 -1 0 0  251 180 50  251 275 30 250 170 30 0
蚁王  0 300 60 1 50 18 0 98 48 243 125 28 -1 0 0  251 180 50  251 275 30 250 170 30 0
龙王  0 300 60 1 50 18 0 98 48 243 125 28 -1 0 0  251 180 50  251 275 30 250 170 30 0
钳虫统领  0 300 60 1 50 18 0 98 48 243 125 28 -1 0 0  251 180 50  251 275 30 250 170 30 0
玛法教主  0 300 60 1 50 18 0 98 48 243 125 28 -1 0 0  251 180 50  251 275 30 250 170 30 0
黑山老妖  0 300 60 1 50 18 0 98 48 243 125 28 -1 0 0  251 180 50  251 275 30 250 170 30 0
恶魔之主  0 300 60 1 50 18 0 98 48 243 125 28 -1 0 0  251 180 50  251 275 30 250 170 30 0
兽人王  0 300 60 1 50 18 0 98 48 243 125 28 -1 0 0  251 180 50  251 275 30 250 170 30 0
恶龙之灵  0 300 60 1 50 18 0 98 48 243 125 28 -1 0 0  251 180 50  251 275 30 250 170 30 0
食人魔  0 300 60 1 50 18 0 98 48 243 125 28 -1 0 0  251 180 50  251 275 30 250 170 30 0
镇天霸主  0 300 60 1 50 18 0 98 48 243 125 28 -1 0 0  251 180 50  251 275 30 250 170 30 0
圣兽白虎  0 300 60 1 50 18 0 98 48 243 125 28 -1 0 0  251 180 50  251 275 30 250 170 30 0
圣兽青龙  0 300 60 1 50 18 0 98 48 243 125 28 -1 0 0  251 180 50  251 275 30 250 170 30 0
圣兽朱雀  0 300 60 1 50 18 0 98 48 243 125 28 -1 0 0  251 180 50  251 275 30 250 170 30 0
圣兽玄武  0 300 60 1 50 18 0 98 48 243 125 28 -1 0 0  251 180 50  251 275 30 250 170 30 0
沼泽魔王  0 300 60 1 50 18 0 98 48 243 125 28 -1 0 0  251 180 50  251 275 30 250 170 30 0
魔龙教主  0 300 60 1 50 18 0 98 48 243 125 28 -1 0 0  251 180 50  251 275 30 250 170 30 0
深渊魔王  0 300 60 1 50 18 0 98 48 243 125 28 -1 0 0  251 180 50  251 275 30 250 170 30 0
远古霸主  0 300 60 1 50 18 0 98 48 243 125 28 -1 0 0  251 180 50  251 275 30 250 170 30 0
狐月天珠  0 300 60 1 50 18 0 98 48 243 125 28 -1 0 0  251 180 50  251 275 30 250 170 30 0
暗之魔龙教主  0 300 60 1 50 18 0 98 48 243 125 28 -1 0 0  251 180 50  251 275 30 250 170 30 0
『普通』触龙神  0 300 60 1 50 18 0 98 48 243 125 28 -1 0 0  251 180 50  251 275 30 250 170 30 0
『普通』祖玛教主  0 300 60 1 50 18 0 98 48 243 125 28 -1 0 0  251 180 50  251 275 30 250 170 30 0
『普通』双头血魔  0 300 60 1 50 18 0 98 48 243 125 28 -1 0 0  251 180 50  251 275 30 250 170 30 0
『普通』双头金刚  0 300 60 1 50 18 0 98 48 243 125 28 -1 0 0  251 180 50  251 275 30 250 170 30 0
『普通』赤月恶魔  0 300 60 1 50 18 0 98 48 243 125 28 -1 0 0  251 180 50  251 275 30 250 170 30 0
『普通』暗之触龙神  0 300 60 1 50 18 0 98 48 243 125 28 -1 0 0  251 180 50  251 275 30 250 170 30 0
『普通』虹魔教主  0 300 60 1 50 18 0 98 48 243 125 28 -1 0 0  251 180 50  251 275 30 250 170 30 0
『普通』万年树妖  0 300 60 1 50 18 0 98 48 243 125 28 -1 0 0  251 180 50  251 275 30 250 170 30 0
『普通』黄泉教主  0 300 60 1 50 18 0 98 48 243 125 28 -1 0 0  251 180 50  251 275 30 250 170 30 0
『普通』牛魔王  0 300 60 1 50 18 0 98 48 243 125 28 -1 0 0  251 180 50  251 275 30 250 170 30 0
『普通』暗之牛魔王  0 300 60 1 50 18 0 98 48 243 125 28 -1 0 0  251 180 50  251 275 30 250 170 30 0
『普通』暗之双头血魔  0 300 60 1 50 18 0 98 48 243 125 28 -1 0 0  251 180 50  251 275 30 250 170 30 0
『普通』暗之双头金刚  0 300 60 1 50 18 0 98 48 243 125 28 -1 0 0  251 180 50  251 275 30 250 170 30 0
『普通』暗之黄泉教主  0 300 60 1 50 18 0 98 48 243 125 28 -1 0 0  251 180 50  251 275 30 250 170 30 0
『普通』暗之骷髅精灵  0 300 60 1 50 18 0 98 48 243 125 28 -1 0 0  251 180 50  251 275 30 250 170 30 0
『普通』暗之沃玛教主  0 300 60 1 50 18 0 98 48 243 125 28 -1 0 0  251 180 50  251 275 30 250 170 30 0
『普通』暗之虹魔教主  0 300 60 1 50 18 0 98 48 243 125 28 -1 0 0  251 180 50  251 275 30 250 170 30 0
『精英』骷髅精灵  0 300 60 1 50 18 0 98 48 243 125 28 -1 0 0  251 180 50  251 275 30 250 170 30 0
『精英』沃玛教主  0 300 60 1 50 18 0 98 48 243 125 28 -1 0 0  251 180 50  251 275 30 250 170 30 0
『精英』祖玛教主  0 300 60 1 50 18 0 98 48 243 125 28 -1 0 0  251 180 50  251 275 30 250 170 30 0
『精英』双头血魔  0 300 60 1 50 18 0 98 48 243 125 28 -1 0 0  251 180 50  251 275 30 250 170 30 0
『精英』双头金刚  0 300 60 1 50 18 0 98 48 243 125 28 -1 0 0  251 180 50  251 275 30 250 170 30 0
『精英』赤月恶魔  0 300 60 1 50 18 0 98 48 243 125 28 -1 0 0  251 180 50  251 275 30 250 170 30 0
『精英』暗之触龙神  0 300 60 1 50 18 0 98 48 243 125 28 -1 0 0  251 180 50  251 275 30 250 170 30 0
『精英』万年树妖  0 300 60 1 50 18 0 98 48 243 125 28 -1 0 0  251 180 50  251 275 30 250 170 30 0
『精英』黄泉教主  0 300 60 1 50 18 0 98 48 243 125 28 -1 0 0  251 180 50  251 275 30 250 170 30 0
『精英』牛魔王  0 300 60 1 50 18 0 98 48 243 125 28 -1 0 0  251 180 50  251 275 30 250 170 30 0
『精英』暗之牛魔王  0 300 60 1 50 18 0 98 48 243 125 28 -1 0 0  251 180 50  251 275 30 250 170 30 0
『精英』暗之双头血魔  0 300 60 1 50 18 0 98 48 243 125 28 -1 0 0  251 180 50  251 275 30 250 170 30 0
『精英』暗之双头金刚  0 300 60 1 50 18 0 98 48 243 125 28 -1 0 0  251 180 50  251 275 30 250 170 30 0
『精英』暗之黄泉教主  0 300 60 1 50 18 0 98 48 243 125 28 -1 0 0  251 180 50  251 275 30 250 170 30 0
『精英』暗之骷髅精灵  0 300 60 1 50 18 0 98 48 243 125 28 -1 0 0  251 180 50  251 275 30 250 170 30 0
『精英』暗之沃玛教主  0 300 60 1 50 18 0 98 48 243 125 28 -1 0 0  251 180 50  251 275 30 250 170 30 0
『精英』暗之虹魔教主  0 300 60 1 50 18 0 98 48 243 125 28 -1 0 0  251 180 50  251 275 30 250 170 30 0
『修罗』沃玛教主  0 300 60 1 50 18 0 98 48 243 125 28 -1 0 0  251 180 50  251 275 30 250 170 30 0
『修罗』祖玛教主  0 300 60 1 50 18 0 98 48 243 125 28 -1 0 0  251 180 50  251 275 30 250 170 30 0
『修罗』双头血魔  0 300 60 1 50 18 0 98 48 243 125 28 -1 0 0  251 180 50  251 275 30 250 170 30 0
『修罗』双头金刚  0 300 60 1 50 18 0 98 48 243 125 28 -1 0 0  251 180 50  251 275 30 250 170 30 0
『修罗』赤月恶魔  0 300 60 1 50 18 0 98 48 243 125 28 -1 0 0  251 180 50  251 275 30 250 170 30 0
『修罗』暗之触龙神  0 300 60 1 50 18 0 98 48 243 125 28 -1 0 0  251 180 50  251 275 30 250 170 30 0
『修罗』虹魔教主  0 300 60 1 50 18 0 98 48 243 125 28 -1 0 0  251 180 50  251 275 30 250 170 30 0
『修罗』千年树妖  0 300 60 1 50 18 0 98 48 243 125 28 -1 0 0  251 180 50  251 275 30 250 170 30 0
『修罗』万年树妖  0 300 60 1 50 18 0 98 48 243 125 28 -1 0 0  251 180 50  251 275 30 250 170 30 0
『修罗』黄泉教主  0 300 60 1 50 18 0 98 48 243 125 28 -1 0 0  251 180 50  251 275 30 250 170 30 0
『修罗』牛魔王  0 300 60 1 50 18 0 98 48 243 125 28 -1 0 0  251 180 50  251 275 30 250 170 30 0
『修罗』暗之牛魔王  0 300 60 1 50 18 0 98 48 243 125 28 -1 0 0  251 180 50  251 275 30 250 170 30 0
『修罗』暗之双头血魔  0 300 60 1 50 18 0 98 48 243 125 28 -1 0 0  251 180 50  251 275 30 250 170 30 0
『修罗』暗之双头金刚  0 300 60 1 50 18 0 98 48 243 125 28 -1 0 0  251 180 50  251 275 30 250 170 30 0
『修罗』暗之黄泉教主  0 300 60 1 50 18 0 98 48 243 125 28 -1 0 0  251 180 50  251 275 30 250 170 30 0
『修罗』暗之骷髅精灵  0 300 60 1 50 18 0 98 48 243 125 28 -1 0 0  251 180 50  251 275 30 250 170 30 0
『修罗』暗之沃玛教主  0 300 60 1 50 18 0 98 48 243 125 28 -1 0 0  251 180 50  251 275 30 250 170 30 0
『修罗』暗之虹魔教主  0 300 60 1 50 18 0 98 48 243 125 28 -1 0 0  251 180 50  251 275 30 250 170 30 0
『魔化』沃玛教主  0 300 60 1 50 18 0 98 48 243 125 28 -1 0 0  251 180 50  251 275 30 250 170 30 0
『魔化』触龙神  0 300 60 1 50 18 0 98 48 243 125 28 -1 0 0  251 180 50  251 275 30 250 170 30 0
『魔化』祖玛教主  0 300 60 1 50 18 0 98 48 243 125 28 -1 0 0  251 180 50  251 275 30 250 170 30 0
『魔化』双头血魔  0 300 60 1 50 18 0 98 48 243 125 28 -1 0 0  251 180 50  251 275 30 250 170 30 0
『魔化』双头金刚  0 300 60 1 50 18 0 98 48 243 125 28 -1 0 0  251 180 50  251 275 30 250 170 30 0
『魔化』赤月恶魔  0 300 60 1 50 18 0 98 48 243 125 28 -1 0 0  251 180 50  251 275 30 250 170 30 0
『魔化』暗之触龙神  0 300 60 1 50 18 0 98 48 243 125 28 -1 0 0  251 180 50  251 275 30 250 170 30 0
『魔化』虹魔教主  0 300 60 1 50 18 0 98 48 243 125 28 -1 0 0  251 180 50  251 275 30 250 170 30 0
『魔化』万年树妖  0 300 60 1 50 18 0 98 48 243 125 28 -1 0 0  251 180 50  251 275 30 250 170 30 0
『魔化』黄泉教主  0 300 60 1 50 18 0 98 48 243 125 28 -1 0 0  251 180 50  251 275 30 250 170 30 0
『魔化』牛魔王  0 300 60 1 50 18 0 98 48 243 125 28 -1 0 0  251 180 50  251 275 30 250 170 30 0
『魔化』暗之牛魔王  0 300 60 1 50 18 0 98 48 243 125 28 -1 0 0  251 180 50  251 275 30 250 170 30 0
『魔化』暗之双头血魔  0 300 60 1 50 18 0 98 48 243 125 28 -1 0 0  251 180 50  251 275 30 250 170 30 0
『魔化』暗之双头金刚  0 300 60 1 50 18 0 98 48 243 125 28 -1 0 0  251 180 50  251 275 30 250 170 30 0
『魔化』暗之黄泉教主  0 300 60 1 50 18 0 98 48 243 125 28 -1 0 0  251 180 50  251 275 30 250 170 30 0
『魔化』暗之骷髅精灵  0 300 60 1 50 18 0 98 48 243 125 28 -1 0 0  251 180 50  251 275 30 250 170 30 0
『魔化』暗之沃玛教主  0 300 60 1 50 18 0 98 48 243 125 28 -1 0 0  251 180 50  251 275 30 250 170 30 0
『魔化』暗之虹魔教主  0 300 60 1 50 18 0 98 48 243 125 28 -1 0 0  251 180 50  251 275 30 250 170 30 0
『普通』米尔皇帝  0 300 60 1 50 18 0 98 48 243 125 28 -1 0 0  251 180 50  251 275 30 250 170 30 0
『普通』蚁后  0 300 60 1 50 18 0 98 48 243 125 28 -1 0 0  251 180 50  251 275 30 250 170 30 0
『普通』蚁王  0 300 60 1 50 18 0 98 48 243 125 28 -1 0 0  251 180 50  251 275 30 250 170 30 0
『普通』龙王  0 300 60 1 50 18 0 98 48 243 125 28 -1 0 0  251 180 50  251 275 30 250 170 30 0
『普通』钳虫统领  0 300 60 1 50 18 0 98 48 243 125 28 -1 0 0  251 180 50  251 275 30 250 170 30 0
『精英』米尔皇帝  0 300 60 1 50 18 0 98 48 243 125 28 -1 0 0  251 180 50  251 275 30 250 170 30 0
『精英』蚁后  0 300 60 1 50 18 0 98 48 243 125 28 -1 0 0  251 180 50  251 275 30 250 170 30 0
『精英』蚁王  0 300 60 1 50 18 0 98 48 243 125 28 -1 0 0  251 180 50  251 275 30 250 170 30 0
『精英』龙王  0 300 60 1 50 18 0 98 48 243 125 28 -1 0 0  251 180 50  251 275 30 250 170 30 0
『精英』钳虫统领  0 300 60 1 50 18 0 98 48 243 125 28 -1 0 0  251 180 50  251 275 30 250 170 30 0
『修罗』米尔皇帝  0 300 60 1 50 18 0 98 48 243 125 28 -1 0 0  251 180 50  251 275 30 250 170 30 0
『修罗』蚁后  0 300 60 1 50 18 0 98 48 243 125 28 -1 0 0  251 180 50  251 275 30 250 170 30 0
『修罗』蚁王  0 300 60 1 50 18 0 98 48 243 125 28 -1 0 0  251 180 50  251 275 30 250 170 30 0
『修罗』龙王  0 300 60 1 50 18 0 98 48 243 125 28 -1 0 0  251 180 50  251 275 30 250 170 30 0
『修罗』钳虫统领  0 300 60 1 50 18 0 98 48 243 125 28 -1 0 0  251 180 50  251 275 30 250 170 30 0
『魔化』米尔皇帝  0 300 60 1 50 18 0 98 48 243 125 28 -1 0 0  251 180 50  251 275 30 250 170 30 0
『魔化』蚁后  0 300 60 1 50 18 0 98 48 243 125 28 -1 0 0  251 180 50  251 275 30 250 170 30 0
『魔化』蚁王  0 300 60 1 50 18 0 98 48 243 125 28 -1 0 0  251 180 50  251 275 30 250 170 30 0
『魔化』龙王  0 300 60 1 50 18 0 98 48 243 125 28 -1 0 0  251 180 50  251 275 30 250 170 30 0
『变异』钳虫统领  0 300 60 1 50 18 0 98 48 243 125 28 -1 0 0  251 180 50  251 275 30 250 170 30 0
『BOSS』沃玛教主  0 300 60 1 50 18 0 98 48 243 125 28 -1 0 0  251 180 50  251 275 30 250 170 30 0
『BOSS』触龙神  0 300 60 1 50 18 0 98 48 243 125 28 -1 0 0  251 180 50  251 275 30 250 170 30 0
『BOSS』祖玛教主  0 300 60 1 50 18 0 98 48 243 125 28 -1 0 0  251 180 50  251 275 30 250 170 30 0
『BOSS』赤月恶魔  0 300 60 1 50 18 0 98 48 243 125 28 -1 0 0  251 180 50  251 275 30 250 170 30 0
『BOSS』虹魔教主  0 300 60 1 50 18 0 98 48 243 125 28 -1 0 0  251 180 50  251 275 30 250 170 30 0
『BOSS』万年树妖  0 300 60 1 50 18 0 98 48 243 125 28 -1 0 0  251 180 50  251 275 30 250 170 30 0
『BOSS』黄泉教主  0 300 60 1 50 18 0 98 48 243 125 28 -1 0 0  251 180 50  251 275 30 250 170 30 0
『BOSS』牛魔王  0 300 60 1 50 18 0 98 48 243 125 28 -1 0 0  251 180 50  251 275 30 250 170 30 0
『BOSS』暗之牛魔王  0 300 60 1 50 18 0 98 48 243 125 28 -1 0 0  251 180 50  251 275 30 250 170 30 0
『BOSS』暗之双头血魔  0 300 60 1 50 18 0 98 48 243 125 28 -1 0 0  251 180 50  251 275 30 250 170 30 0
『BOSS』暗之双头金刚  0 300 60 1 50 18 0 98 48 243 125 28 -1 0 0  251 180 50  251 275 30 250 170 30 0
『BOSS』暗之黄泉教主  0 300 60 1 50 18 0 98 48 243 125 28 -1 0 0  251 180 50  251 275 30 250 170 30 0
『BOSS』暗之骷髅精灵  0 300 60 1 50 18 0 98 48 243 125 28 -1 0 0  251 180 50  251 275 30 250 170 30 0
『BOSS』暗之沃玛教主  0 300 60 1 50 18 0 98 48 243 125 28 -1 0 0  251 180 50  251 275 30 250 170 30 0
『BOSS』暗之虹魔教主  0 300 60 1 50 18 0 98 48 243 125 28 -1 0 0  251 180 50  251 275 30 250 170 30 0
『BOSS』米尔皇帝  0 300 60 1 50 18 0 98 48 243 125 28 -1 0 0  251 180 50  251 275 30 250 170 30 0
『BOSS』蚁后  0 300 60 1 50 18 0 98 48 243 125 28 -1 0 0  251 180 50  251 275 30 250 170 30 0
『BOSS』蚁王  0 300 60 1 50 18 0 98 48 243 125 28 -1 0 0  251 180 50  251 275 30 250 170 30 0
『BOSS』龙王  0 300 60 1 50 18 0 98 48 243 125 28 -1 0 0  251 180 50  251 275 30 250 170 30 0
『BOSS』钳虫统领  0 300 60 1 50 18 0 98 48 243 125 28 -1 0 0  251 180 50  251 275 30 250 170 30 0
『变异』暗之沃玛教主  0 300 60 1 50 18 0 98 48 243 125 28 -1 0 0  251 180 50  251 275 30 250 170 30 0
『变异』黄泉教主  0 300 60 1 50 18 0 98 48 243 125 28 -1 0 0  251 180 50  251 275 30 250 170 30 0
『变异』沃玛教主  0 300 60 1 50 18 0 98 48 243 125 28 -1 0 0  251 180 50  251 275 30 250 170 30 0
『变异』双头金刚  0 300 60 1 50 18 0 98 48 243 125 28 -1 0 0  251 180 50  251 275 30 250 170 30 0
『变异』牛魔王  0 300 60 1 50 18 0 98 48 243 125 28 -1 0 0  251 180 50  251 275 30 250 170 30 0
『变异』双头血魔  0 300 60 1 50 18 0 98 48 243 125 28 -1 0 0  251 180 50  251 275 30 250 170 30 0
『变异』骷髅精灵  0 300 60 1 50 18 0 98 48 243 125 28 -1 0 0  251 180 50  251 275 30 250 170 30 0
『变异』虹魔教主  0 300 60 1 50 18 0 98 48 243 125 28 -1 0 0  251 180 50  251 275 30 250 170 30 0
『变异』暗之牛魔王  0 300 60 1 50 18 0 98 48 243 125 28 -1 0 0  251 180 50  251 275 30 250 170 30 0
『变异』暗之双头血魔  0 300 60 1 50 18 0 98 48 243 125 28 -1 0 0  251 180 50  251 275 30 250 170 30 0
『变异』暗之双头金刚  0 300 60 1 50 18 0 98 48 243 125 28 -1 0 0  251 180 50  251 275 30 250 170 30 0
『变异』暗之黄泉教主  0 300 60 1 50 18 0 98 48 243 125 28 -1 0 0  251 180 50  251 275 30 250 170 30 0
『变异』暗之骷髅精灵  0 300 60 1 50 18 0 98 48 243 125 28 -1 0 0  251 180 50  251 275 30 250 170 30 0
『变异』暗之虹魔教主  0 300 60 1 50 18 0 98 48 243 125 28 -1 0 0  251 180 50  251 275 30 250 170 30 0
『普通』魔龙教主  0 300 60 1 50 18 0 98 48 243 125 28 -1 0 0  251 180 50  251 275 30 250 170 30 0
『精英』魔龙教主  0 300 60 1 50 18 0 98 48 243 125 28 -1 0 0  251 180 50  251 275 30 250 170 30 0
『修罗』魔龙教主  0 300 60 1 50 18 0 98 48 243 125 28 -1 0 0  251 180 50  251 275 30 250 170 30 0
『魔化』魔龙教主  0 300 60 1 50 18 0 98 48 243 125 28 -1 0 0  251 180 50  251 275 30 250 170 30 0
『变异』魔龙教主  0 300 60 1 50 18 0 98 48 243 125 28 -1 0 0  251 180 50  251 275 30 250 170 30 0
『普通』暗之魔龙教主  0 300 60 1 50 18 0 98 48 243 125 28 -1 0 0  251 180 50  251 275 30 250 170 30 0
『精英』暗之魔龙教主  0 300 60 1 50 18 0 98 48 243 125 28 -1 0 0  251 180 50  251 275 30 250 170 30 0
『修罗』暗之魔龙教主  0 300 60 1 50 18 0 98 48 243 125 28 -1 0 0  251 180 50  251 275 30 250 170 30 0
『魔化』暗之魔龙教主  0 300 60 1 50 18 0 98 48 243 125 28 -1 0 0  251 180 50  251 275 30 250 170 30 0
『变异』暗之魔龙教主  0 300 60 1 50 18 0 98 48 243 125 28 -1 0 0  251 180 50  251 275 30 250 170 30 0
『BOSS』暗之魔龙教主  0 300 60 1 50 18 0 98 48 243 125 28 -1 0 0  251 180 50  251 275 30 250 170 30 0
持国天王  0 300 60 1 50 18 0 98 48 243 125 28 -1 0 0  251 180 50  251 275 30 250 170 30 0
封印魔王  0 300 60 1 50 18 0 98 48 243 125 28 -1 0 0  251 180 50  251 275 30 250 170 30 0
鬼王  0 300 60 1 50 18 0 98 48 243 125 28 -1 0 0  251 180 50  251 275 30 250 170 30 0
寂静之主※霸主  0 300 60 1 50 18 0 98 48 243 125 28 -1 0 0  251 180 50  251 275 30 250 170 30 0
迷失罪恶狂徒  0 300 60 1 50 18 0 98 48 243 125 28 -1 0 0  251 180 50  251 275 30 250 170 30 0
人面魔珠  0 300 60 1 50 18 0 98 48 243 125 28 -1 0 0  251 180 50  251 275 30 250 170 30 0
上古变异虫王  0 300 60 1 50 18 0 98 48 243 125 28 -1 0 0  251 180 50  251 275 30 250 170 30 0
上古大妖  0 300 60 1 50 18 0 98 48 243 125 28 -1 0 0  251 180 50  251 275 30 250 170 30 0
上古巨魔  0 300 60 1 50 18 0 98 48 243 125 28 -1 0 0  251 180 50  251 275 30 250 170 30 0
通天教主  0 300 60 1 50 18 0 98 48 243 125 28 -1 0 0  251 180 50  251 275 30 250 170 30 0
峡谷恶魔  0 300 60 1 50 18 0 98 48 243 125 28 -1 0 0  251 180 50  251 275 30 250 170 30 0
玄冥化身莽  0 300 60 1 50 18 0 98 48 243 125 28 -1 0 0  251 180 50  251 275 30 250 170 30 0
英雄霸主  0 300 60 1 50 18 0 98 48 243 125 28 -1 0 0  251 180 50  251 275 30 250 170 30 0
远古暴躁猪魔  0 300 60 1 50 18 0 98 48 243 125 28 -1 0 0  251 180 50  251 275 30 250 170 30 0
紫微大帝  0 300 60 1 50 18 0 98 48 243 125 28 -1 0 0  251 180 50  251 275 30 250 170 30 0
圣地教主  0 300 60 1 50 18 0 98 48 243 125 28 -1 0 0  251 180 50  251 275 30 250 170 30 0
法外狂徒  0 300 60 1 50 18 0 98 48 243 125 28 -1 0 0  251 180 50  251 275 30 250 170 30 0
重生之骷髅王  0 300 60 1 50 18 0 98 48 243 125 28 -1 0 0  251 180 50  251 275 30 250 170 30 0
落日战神  0 300 60 1 50 18 0 98 48 243 125 28 -1 0 0  251 180 50  251 275 30 250 170 30 0
恐惧之王  0 300 60 1 50 18 0 98 48 243 125 28 -1 0 0  251 180 50  251 275 30 250 170 30 0
石魁  0 300 60 1 50 18 0 98 48 243 125 28 -1 0 0  251 180 50  251 275 30 250 170 30 0
邪恶野猪之王  0 300 60 1 50 18 0 98 48 243 125 28 -1 0 0  251 180 50  251 275 30 250 170 30 0
大地之主  0 300 60 1 50 18 0 98 48 243 125 28 -1 0 0  251 180 50  251 275 30 250 170 30 0
帝魂  0 300 60 1 50 18 0 98 48 243 125 28 -1 0 0  251 180 50  251 275 30 250 170 30 0
传说教主  0 300 60 1 50 18 0 98 48 243 125 28 -1 0 0  251 180 50  251 275 30 250 170 30 0
堕落教主  0 300 60 1 50 18 0 98 48 243 125 28 -1 0 0  251 180 50  251 275 30 250 170 30 0
吞噬之主  0 300 60 1 50 18 0 98 48 243 125 28 -1 0 0  251 180 50  251 275 30 250 170 30 0
花仙子  0 300 60 1 50 18 0 98 48 243 125 28 -1 0 0  251 180 50  251 275 30 250 170 30 0
迷失洞主  0 300 60 1 50 18 0 98 48 243 125 28 -1 0 0  251 180 50  251 275 30 250 170 30 0
九绝尸王  0 300 60 1 50 18 0 98 48 243 125 28 -1 0 0  251 180 50  251 275 30 250 170 30 0
真爱教主  0 300 60 1 50 18 0 98 48 243 125 28 -1 0 0  251 180 50  251 275 30 250 170 30 0
玄冥教主  0 300 60 1 50 18 0 98 48 243 125 28 -1 0 0  251 180 50  251 275 30 250 170 30 0
罪大恶极  0 300 60 1 50 18 0 98 48 243 125 28 -1 0 0  251 180 50  251 275 30 250 170 30 0
后羿  0 300 60 1 50 18 0 98 48 243 125 28 -1 0 0  251 180 50  251 275 30 250 170 30 0
暗黑骑士  0 300 60 1 50 18 0 98 48 243 125 28 -1 0 0  251 180 50  251 275 30 250 170 30 0
毒龙天蝎  0 300 60 1 50 18 0 98 48 243 125 28 -1 0 0  251 180 50  251 275 30 250 170 30 0
恐惧魔蝎  0 300 60 1 50 18 0 98 48 243 125 28 -1 0 0  251 180 50  251 275 30 250 170 30 0
远古天魔蝎  0 300 60 1 50 18 0 98 48 243 125 28 -1 0 0  251 180 50  251 275 30 250 170 30 0
蝙蝠魔  0 300 60 1 50 18 0 98 48 243 125 28 -1 0 0  251 180 50  251 275 30 250 170 30 0
哥斯拉  0 300 60 1 50 18 0 98 48 243 125 28 -1 0 0  251 180 50  251 275 30 250 170 30 0
暗黑蛟龙  0 300 60 1 50 18 0 98 48 243 125 28 -1 0 0  251 180 50  251 275 30 250 170 30 0
独角巨魔  0 300 60 1 50 18 0 98 48 243 125 28 -1 0 0  251 180 50  251 275 30 250 170 30 0
赤血魔神  0 300 60 1 50 18 0 98 48 243 125 28 -1 0 0  251 180 50  251 275 30 250 170 30 0
五爪金龙  0 300 60 1 50 18 0 98 48 243 125 28 -1 0 0  251 180 50  251 275 30 250 170 30 0
狂暴魔神  0 300 60 1 50 18 0 98 48 243 125 28 -1 0 0  251 180 50  251 275 30 250 170 30 0
荒野龙神  0 300 60 1 50 18 0 98 48 243 125 28 -1 0 0  251 180 50  251 275 30 250 170 30 0
邪恶骷髅精灵  0 300 60 1 50 18 0 98 48 243 125 28 -1 0 0  251 180 50  251 275 30 250 170 30 0
沙漠巨型多角兽  0 300 60 1 50 18 0 98 48 243 125 28 -1 0 0  251 180 50  251 275 30 250 170 30 0
上古战神  0 300 60 1 50 18 0 98 48 243 125 28 -1 0 0  251 180 50  251 275 30 250 170 30 0
幽冥恶魔  0 300 60 1 50 18 0 98 48 243 125 28 -1 0 0  251 180 50  251 275 30 250 170 30 0
扭曲教主  0 300 60 1 50 18 0 98 48 243 125 28 -1 0 0  251 180 50  251 275 30 250 170 30 0
绝望龙王  0 300 60 1 50 18 0 98 48 243 125 28 -1 0 0  251 180 50  251 275 30 250 170 30 0
迷乱教主  0 300 60 1 50 18 0 98 48 243 125 28 -1 0 0  251 180 50  251 275 30 250 170 30 0
暗月教主  0 300 60 1 50 18 0 98 48 243 125 28 -1 0 0  251 180 50  251 275 30 250 170 30 0
暗夜赤身魔蚁  0 300 60 1 50 18 0 98 48 243 125 28 -1 0 0  251 180 50  251 275 30 250 170 30 0
荒漠食人翼龙  0 300 60 1 50 18 0 98 48 243 125 28 -1 0 0  251 180 50  251 275 30 250 170 30 0
冰焰噬魂魔王  0 300 60 1 50 18 0 98 48 243 125 28 -1 0 0  251 180 50  251 275 30 250 170 30 0
天鲲鹏青鸾  0 300 60 1 50 18 0 98 48 243 125 28 -1 0 0  251 180 50  251 275 30 250 170 30 0
暗黑魔导师  0 300 60 1 50 18 0 98 48 243 125 28 -1 0 0  251 180 50  251 275 30 250 170 30 0
荒漠吞噬千足虫  0 300 60 1 50 18 0 98 48 243 125 28 -1 0 0  251 180 50  251 275 30 250 170 30 0
剧毒无解之人面蛛王  0 300 60 1 50 18 0 98 48 243 125 28 -1 0 0  251 180 50  251 275 30 250 170 30 0
遗忘战神  0 300 60 1 50 18 0 98 48 243 125 28 -1 0 0  251 180 50  251 275 30 250 170 30 0
荒漠之王  0 300 60 1 50 18 0 98 48 243 125 28 -1 0 0  251 180 50  251 275 30 250 170 30 0
破坏之王  0 300 60 1 50 18 0 98 48 243 125 28 -1 0 0  251 180 50  251 275 30 250 170 30 0
雪域大魔王  0 300 60 1 50 18 0 98 48 243 125 28 -1 0 0  251 180 50  251 275 30 250 170 30 0
血魔之神  0 300 60 1 50 18 0 98 48 243 125 28 -1 0 0  251 180 50  251 275 30 250 170 30 0
永夜之王  0 300 60 1 50 18 0 98 48 243 125 28 -1 0 0  251 180 50  251 275 30 250 170 30 0
诅咒之王  0 300 60 1 50 18 0 98 48 243 125 28 -1 0 0  251 180 50  251 275 30 250 170 30 0
罪魁祸首  0 300 60 1 50 18 0 98 48 243 125 28 -1 0 0  251 180 50  251 275 30 250 170 30 0
不死战神  0 300 60 1 50 18 0 98 48 243 125 28 -1 0 0  251 180 50  251 275 30 250 170 30 0
死亡之吻  0 300 60 1 50 18 0 98 48 243 125 28 -1 0 0  251 180 50  251 275 30 250 170 30 0
狱帝靈神  0 300 60 1 50 18 0 98 48 243 125 28 -1 0 0  251 180 50  251 275 30 250 170 30 0
域外天魔  0 300 60 1 50 18 0 98 48 243 125 28 -1 0 0  251 180 50  251 275 30 250 170 30 0
真·地藏王  0 300 60 1 50 18 0 98 48 243 125 28 -1 0 0  251 180 50  251 275 30 250 170 30 0
双头魔幻蛇王  0 300 60 1 50 18 0 98 48 243 125 28 -1 0 0  251 180 50  251 275 30 250 170 30 0
冰霜の【女巫·吉安娜】  0 300 60 1 50 18 0 98 48 243 125 28 -1 0 0  251 180 50  251 275 30 250 170 30 0
◆最终守护の霸主·无双◆  0 300 60 1 50 18 0 98 48 243 125 28 -1 0 0  251 180 50  251 275 30 250 170 30 0
【最后轻语】√战争の无极  0 300 60 1 50 18 0 98 48 243 125 28 -1 0 0  251 180 50  251 275 30 250 170 30 0
◆九幽·黄泉【n】轮回◆  0 300 60 1 50 18 0 98 48 243 125 28 -1 0 0  251 180 50  251 275 30 250 170 30 0
[恶]★★十凶极恶·残暴★★  0 300 60 1 50 18 0 98 48 243 125 28 -1 0 0  251 180 50  251 275 30 250 170 30 0
≮灭≯★★极地冰封万里★★  0 300 60 1 50 18 0 98 48 243 125 28 -1 0 0  251 180 50  251 275 30 250 170 30 0
◆◆◆真·仙之守护◆◆◆  0 300 60 1 50 18 0 98 48 243 125 28 -1 0 0  251 180 50  251 275 30 250 170 30 0
[绝]※※毁天灭地之怒吼※※  0 300 60 1 50 18 0 98 48 243 125 28 -1 0 0  251 180 50  251 275 30 250 170 30 0
血瞳诅咒·㊣㊣九婴天命㊣㊣  0 300 60 1 50 18 0 98 48 243 125 28 -1 0 0  251 180 50  251 275 30 250 170 30 0
★★紫晶魔瞳之の破灭法目★★  0 300 60 1 50 18 0 98 48 243 125 28 -1 0 0  251 180 50  251 275 30 250 170 30 0
★★★★神·印王座★★★★  0 300 60 1 50 18 0 98 48 243 125 28 -1 0 0  251 180 50  251 275 30 250 170 30 0
◆◆◆葬神魔罗·[无敌]◆◆◆  0 300 60 1 50 18 0 98 48 243 125 28 -1 0 0  251 180 50  251 275 30 250 170 30 0
永恒之王·亚瑟·潘德拉贡  0 300 60 1 50 18 0 98 48 243 125 28 -1 0 0  251 180 50  251 275 30 250 170 30 0
炼狱霸刀·狂傲天[无天]  0 300 60 1 50 18 0 98 48 243 125 28 -1 0 0  251 180 50  251 275 30 250 170 30 0
罪恶克星·杀戮[神魔]  0 300 60 1 50 18 0 98 48 243 125 28 -1 0 0  251 180 50  251 275 30 250 170 30 0
鬼女红叶·鬼寐[孤寂]  0 300 60 1 50 18 0 98 48 243 125 28 -1 0 0  251 180 50  251 275 30 250 170 30 0
烈焰树妖[仲古]·至兇  0 300 60 1 50 18 0 98 48 243 125 28 -1 0 0  251 180 50  251 275 30 250 170 30 0
死亡骑士·阿尔萨斯·亡灵  0 300 60 1 50 18 0 98 48 243 125 28 -1 0 0  251 180 50  251 275 30 250 170 30 0
半神之子·塞纳留斯·教父  0 300 60 1 50 18 0 98 48 243 125 28 -1 0 0  251 180 50  251 275 30 250 170 30 0
光魂·大法师·安东尼达斯  0 300 60 1 50 18 0 98 48 243 125 28 -1 0 0  251 180 50  251 275 30 250 170 30 0
大主教阿伦索斯·白银之手  0 300 60 1 50 18 0 98 48 243 125 28 -1 0 0  251 180 50  251 275 30 250 170 30 0
囚笼守护·复仇女神玛维  0 300 60 1 50 18 0 98 48 243 125 28 -1 0 0  251 180 50  251 275 30 250 170 30 0
★★★黑暗主宰★★★  0 300 60 1 50 18 0 98 48 243 125 28 -1 0 0  251 180 50  251 275 30 250 170 30 0
★★★邪皇祖师★★★  0 300 60 1 50 18 0 98 48 243 125 28 -1 0 0  251 180 50  251 275 30 250 170 30 0
★★★神炎之王★★★  0 300 60 1 50 18 0 98 48 243 125 28 -1 0 0  251 180 50  251 275 30 250 170 30 0
★★★万魔嗜心兽★★★  0 300 60 1 50 18 0 98 48 243 125 28 -1 0 0  251 180 50  251 275 30 250 170 30 0
★★★鎏詍慑魔天尊★★★  0 300 60 1 50 18 0 98 48 243 125 28 -1 0 0  251 180 50  251 275 30 250 170 30 0
★★毒龙鳞青风蝎★★★  0 300 60 1 50 18 0 98 48 243 125 28 -1 0 0  251 180 50  251 275 30 250 170 30 0
★★★天地主宰★★★  0 300 60 1 50 18 0 98 48 243 125 28 -1 0 0  251 180 50  251 275 30 250 170 30 0
★★★五爪金龙★★★  0 300 60 1 50 18 0 98 48 243 125 28 -1 0 0  251 180 50  251 275 30 250 170 30 0
★★★最后战神★★★  0 300 60 1 50 18 0 98 48 243 125 28 -1 0 0  251 180 50  251 275 30 250 170 30 0
★★★九魔绝天★★★  0 300 60 1 50 18 0 98 48 243 125 28 -1 0 0  251 180 50  251 275 30 250 170 30 0
★★★万界主宰★★★  0 300 60 1 50 18 0 98 48 243 125 28 -1 0 0  251 180 50  251 275 30 250 170 30 0
★★★天雷灭界鬼祖★★★  0 300 60 1 50 18 0 98 48 243 125 28 -1 0 0  251 180 50  251 275 30 250 170 30 0
★★★万古青天大帝★★★  0 300 60 1 50 18 0 98 48 243 125 28 -1 0 0  251 180 50  251 275 30 250 170 30 0
★★★元始天尊★★★  0 300 60 1 50 18 0 98 48 243 125 28 -1 0 0  251 180 50  251 275 30 250 170 30 0
★★★道德天尊★★★  0 300 60 1 50 18 0 98 48 243 125 28 -1 0 0  251 180 50  251 275 30 250 170 30 0
★★★无量天尊★★★  0 300 60 1 50 18 0 98 48 243 125 28 -1 0 0  251 180 50  251 275 30 250 170 30 0
★★★天外来客★★★  0 300 60 1 50 18 0 98 48 243 125 28 -1 0 0  251 180 50  251 275 30 250 170 30 0
★★★剑主苍穹★★★  0 300 60 1 50 18 0 98 48 243 125 28 -1 0 0  251 180 50  251 275 30 250 170 30 0
★★★太初之子★★★  0 300 60 1 50 18 0 98 48 243 125 28 -1 0 0  251 180 50  251 275 30 250 170 30 0
★★★传承守护者[魔防]★★★  0 300 60 1 50 18 0 98 48 243 125 28 -1 0 0  251 180 50  251 275 30 250 170 30 0
★★★传承守护者[物防]★★★  0 300 60 1 50 18 0 98 48 243 125 28 -1 0 0  251 180 50  251 275 30 250 170 30 0
★★★★时间掌控者★★★★  0 300 60 1 50 18 0 98 48 243 125 28 -1 0 0  251 180 50  251 275 30 250 170 30 0
★★★★空间掌控者★★★★  0 300 60 1 50 18 0 98 48 243 125 28 -1 0 0  251 180 50  251 275 30 250 170 30 0
★★★★轮回掌控者★★★★  0 300 60 1 50 18 0 98 48 243 125 28 -1 0 0  251 180 50  251 275 30 250 170 30 0
【世界BOSS】摩达途  0 300 60 1 50 18 0 98 48 243 125 28 -1 0 0  251 180 50  251 275 30 250 170 30 0
【世界BOSS】魔尊重楼  0 300 60 1 50 18 0 98 48 243 125 28 -1 0 0  251 180 50  251 275 30 250 170 30 0
【世界BOSS】炼狱魔王  0 300 60 1 50 18 0 98 48 243 125 28 -1 0 0  251 180 50  251 275 30 250 170 30 0
【世界BOSS】精灵王  0 300 60 1 50 18 0 98 48 243 125 28 -1 0 0  251 180 50  251 275 30 250 170 30 0
【世界BOSS】荒漠之王  0 300 60 1 50 18 0 98 48 243 125 28 -1 0 0  251 180 50  251 275 30 250 170 30 0
【世界BOSS】魔道真君  0 300 60 1 50 18 0 98 48 243 125 28 -1 0 0  251 180 50  251 275 30 250 170 30 0
【世界BOSS】九魔绝天  0 300 60 1 50 18 0 98 48 243 125 28 -1 0 0  251 180 50  251 275 30 250 170 30 0
【世界BOSS】异炎邪帝  0 300 60 1 50 18 0 98 48 243 125 28 -1 0 0  251 180 50  251 275 30 250 170 30 0
【世界BOSS】玄天战神  0 300 60 1 50 18 0 98 48 243 125 28 -1 0 0  251 180 50  251 275 30 250 170 30 0


