0	盟重传送石	1010	1000|1	380	1	玛法大陆|回城石|	1	0	99
0	随机传送石	1024	1000|1	380	1	随机移动|随机移动|	1	0	99
0	修复神水	120	100|1	380	1	修护装备|修护装备|	1	0	99
0	沃玛号角	261	10|0	380	1	技能提升|技能提升|	1	1	999
0	红名清洗卷	989	10000|0	380	1	红名清洗|红名清洗|	1	0	99
0	苹果	20006	10000|0	380	1	红苹果|获取神奇的力量|	1	0	99
0	金条	117	1000000|1	380	1	方便交易|双击获得100W金币|	1	0	99
0	天地结晶	2621	5|4	380	1	1|	1	1	9999
1	50000元宝	1120	50000|0	380	1	方便交易|方便交易|	1	0	99
1	10W元宝	1120	100000|0	380	1	方便交易|方便交易|	1	0	99
1	20W元宝	1120	200000|0	380	1	方便交易|方便交易|	1	0	99
1	50W元宝	1120	500000|0	380	1	方便交易|方便交易|	1	0	99
1	100W元宝	1120	1000000|0	380	1	方便交易|方便交易|	1	0	99
1	500W元宝	1120	5000000|0	380	1	方便交易|方便交易|	1	0	1
5	千里传音	1000	1000|0	380	1	传音|@传|	1	0	99
5	隐姓埋名	30096	50000000|0	380	1	改名|改名|	1	0	1
