292,617
293,617
294,616
295,615
296,615
297,615
298,615
299,615
300,615
301,615
302,615
303,615
304,615
305,615
306,615
307,615
308,616
309,617
310,618
311,618
312,617
313,616
314,615
315,614
316,613
317,612
318,611
319,611
320,611
321,611
322,611
323,611
324,611
325,610
326,609
327,608
328,607
329,606
328,605
327,604
326,603
325,602
324,601
323,600
322,599
321,598
320,597
319,596
318,595
317,594
316,593
315,592
314,591
313,590
312,589
311,588
310,587
309,586
308,585
307,584
306,583
305,582
304,581
303,580
302,579
301,579
300,580
299,581
298,582
297,583
296,584
295,585
294,586
293,587
292,588
291,589
290,590
289,591
288,592
287,593
286,594
285,595
284,596
283,597
282,598
281,599
280,600
279,601
278,602
277,603
276,604
275,605
274,606
273,607
272,608
271,609
270,610
269,611
268,612
267,613
266,614
265,615
264,616
263,617
262,618
261,619
260,620
259,621
258,622
257,623
256,624
255,625
254,626
253,627
252,628
251,629
250,630
249,631
248,632
247,633
246,634
245,635
244,636
243,637
242,637
241,637
240,637
239,637
238,637
237,637
236,637
235,637
234,637
233,637
232,637
231,637
230,637
229,637
228,637
227,637
226,637
225,637
224,637
223,637
222,637
221,637
220,637
219,637
218,637
217,637
216,637
215,637
214,637
213,637
213,636
213,635
213,634
213,633
213,632
213,631
213,630
213,629
213,628
213,627
213,626
213,625
213,624
213,623
213,622
213,621
213,620
213,619
213,618
213,617
213,616
213,615
213,614
213,613
213,612
213,611
213,610
212,609
211,608
211,607
211,606
211,605
211,604
211,603
211,602
211,601
211,600
211,599
211,598
211,597
211,596
211,595
211,594
211,593
211,592
211,591
211,590
211,589
211,588
211,587
211,586
211,585
211,584
211,583
211,582
211,581
211,580
211,579
211,578
211,577
211,576
211,575
211,574
211,573
211,572
211,571
211,570
211,569
211,568
211,567
211,566
211,565
211,564
211,563
211,562
211,561
211,560
211,559
211,558
211,557
211,556
211,555
211,554
211,553
211,552
211,551
211,550
211,549
210,548
209,547
208,546
207,545
207,544
207,543
207,542
207,541
207,540
207,539
207,538
207,537
207,536
207,535
207,534
207,533
207,532
207,531
207,530
207,529
207,528
207,527
207,526
207,525
207,524
207,523
207,522
207,521
207,520
207,519
207,518
207,517
206,516
205,515
204,514
203,513
203,512
203,511
203,510
203,509
203,508
202,507
201,506
200,505
199,504
198,503
197,502
196,501
195,500
194,499
193,498
192,497
191,496
190,495
189,494
188,493
187,492
186,491
185,490
184,489
183,488
183,487
183,486
183,485
183,484
182,483
181,482
180,481
181,481
182,481
183,481
184,481
185,481
186,481
187,481
188,481
189,481
190,481
191,481
192,481
193,481
194,481
195,481
196,481
197,481
198,481
199,481
200,481
201,481
202,481
203,481
204,481
205,481
206,482
207,482
208,482
209,482
210,482
211,482
212,482
213,482
214,483
215,484
216,484
217,484
218,484
219,484
220,484
221,485
222,486
223,487
224,487
225,487
226,487
227,487
228,487
229,487
230,487
231,487
232,487
233,487
234,487
235,487
236,488
237,489
238,490
239,491
240,492
241,492
242,492
243,492
244,492
245,492
246,492
247,492
248,492
249,492
250,492
251,492
252,492
253,492
254,492
255,492
256,492
257,492
258,492
259,492
260,493
261,494
262,495
263,496
264,497
265,498
266,499
267,500
268,501
269,502
270,503
271,503
272,503
273,503
274,503
275,503
276,503
277,503
278,503
279,503
280,503
281,503
282,503
283,503
284,503
285,503
286,503
287,503
288,503
289,503
290,503
291,503
292,503
293,503
294,503
295,503
296,503
297,504
298,505
299,506
300,507
301,508
302,509
303,508
304,507
304,506
304,505
305,504
306,503
307,502
308,501
309,500
310,499
311,498
312,497
313,496
314,495
315,494
316,493
317,492
318,491
319,490
320,489
321,488
322,487
323,486
324,485
325,484
324,483
323,482
322,481
321,480
320,481
319,482
318,483
317,484
316,484
315,484
314,484
313,484
312,484
311,483
310,482
309,481
308,480
309,480
310,481
311,482
312,483
313,484
314,484
315,483
316,482
317,481
318,480
319,480
320,480
321,480
322,481
323,482
324,483
325,484
325,485
324,486
323,487
322,488
321,489
320,490
319,491
318,492
317,493
316,494
315,495
314,496
313,497
312,498
312,499
312,500
312,501
312,502
311,503
311,504
310,505
309,506
309,507
309,508
308,509
308,510
309,511
310,512
311,513
312,514
313,514
314,515
315,516
316,517
317,516
318,516
319,516
320,516
321,516
322,516
323,516
324,516
325,516
326,516
327,516
328,516
329,516
330,516
331,516
332,516
333,516
334,516
335,516
336,516
337,516
338,516
339,516
340,516
341,516
342,516
343,516
344,516
345,515
346,514
347,513
348,512
349,511
350,510
351,509
352,508
353,507
354,506
355,505
356,504
357,503
358,502
359,501
360,500
361,499
362,498
363,497
364,496
365,495
366,494
367,493
368,492
369,492
370,492
371,492
372,492
373,492
374,492
375,492
376,492
377,492
378,492
379,492
380,492
381,492
382,492
383,492
384,492
385,492
386,492
387,492
388,492
389,492
390,492
391,492
392,492
393,492
394,492
395,492
396,492
397,492
398,492
399,492
400,492
401,492
402,492
403,492
404,492
405,492
406,492
407,492
408,492
409,492
410,492
411,492
412,492
413,492
414,492
415,492
416,492
417,492
418,493
419,493
420,493
421,493
422,493
423,493
424,493
425,493
426,493
427,493
428,493
429,493
430,493
431,493
432,493
433,493
434,493
435,493
436,493
437,493
438,493
439,493
440,493
441,493
442,493
443,493
444,493
445,493
446,493
447,493
448,493
449,493
450,493
451,493
452,493
453,493
454,493
455,493
456,493
457,493
458,493
459,493
460,493
461,493
462,493
463,493
464,493
465,493
466,493
467,493
468,493
469,493
470,493
471,493
472,493
473,493
474,493
475,493
476,493
477,493
478,493
479,493
480,493
481,493
482,493
483,493
484,493
485,493
486,493
487,493
488,493
489,493
490,493
491,493
492,493
493,493
494,493
495,493
496,493
497,493
498,493
499,493
500,493
501,493
502,493
503,493
504,493
505,493
506,493
507,493
508,493
509,494
510,495
511,496
512,497
513,497
514,497
515,497
516,497
517,497
518,497
519,497
520,497
521,497
522,497
523,497
524,497
525,498
526,499
527,499
528,499
529,499
530,499
531,499
532,499
533,499
534,499
535,499
536,499
537,499
538,499
539,499
540,499
541,499
542,499
543,499
544,499
545,499
546,499
547,499
548,499
549,499
550,499
551,499
552,499
553,499
554,499
555,499
556,499
557,499
558,499
559,499
560,499
561,499
562,499
563,499
564,499
565,499
566,499
567,499
568,499
569,499
570,499
571,499
572,499
573,499
574,499
575,499
576,499
577,499
578,499
579,499
580,499
581,499
582,499
583,500
584,501
585,501
586,501
587,501
588,501
589,501
590,501
591,501
592,501
593,501
594,501
595,501
596,502
597,503
598,504
599,504
600,504
601,504
602,504
603,504
604,504
605,504
606,504
607,504
608,504
609,504
610,505
611,506
612,507
613,508
614,509
615,510
