[@Body]
{
[@_@新人操作加载]
#IF
#ACT
MOV T2 [0,0,0,0,0,0,0,0,0,0,0,0]
MOV T8 [0,0,0,0]
MOV T25 [0,0,0,0]
MOV T26 [0,0,0,0]
MOV T27 [0,0,0,0]
MOV T28 [0,0,0,0]
MOV T29 [0,0,0,0,0]
MOV T30 [0,0,0,0,0]
MOV T31 [0,0,0,0,0]
MOV T32 [0,0,0,0,0]
MOV T33 [0,0,0,0,0,0,0,0,0,0,0,0,0,0,0,0,0,0,0,0,0,0,0,0,0,0,0,0,0,0,0,0,0,0,0,0,0,0,0,0]
MOV T35 [0,0,0,0,0,0,0,0,0,0,0,0]
MOV T36 [0,0,0,0,0,0,0,0,0,0,0]
MOV T100 [0,0,0,0]
MOV T101 [0,0,0,0]
MOV T102 [0,0,0,0]
MOV T103 [0,0,0,0]
ExtBagPageCount + 4
SENDMSG 0 :{欢迎|251:249:1}{新玩家|251:249:1}{〖%s〗|251:249:1}{来到|251:249:1}{<$SERVERNAME>!|251:249:1}

}