[@引擎启动运行]
{
#IF
#ACT


MAPEFFECT  6  461 67   46 92 16 -1 200 0 0  ;魔龙安全区
MAPEFFECT  611  172 150   46 92 16 -1 200 0 0  ;魔龙连接通道
MAPEFFECT  611  29 146 46 92 16 -1 200 0 0  ;魔龙连接通道
MAPEFFECT  66  257 212 46 92 16 -1 200 0 0  ;魔龙祭坛
MAPEFFECT   MFDL 265 575 46 92 16 -1 200 0 0  ;死亡山谷
MAPEFFECT   H004 193 124 46 92 16 -1 200 0 0  ;死亡峡谷
MAPEFFECT   MFDL 380 317 46 92 16 -1 200 0 0  ;骷髅洞穴
MAPEFFECT   D003 290 293 46 92 16 -1 200 0 0  ;骷髅宫殿
MAPEFFECT  MFDL 576 399  46 92 16 -1 200 0 0  ;僵尸洞穴
MAPEFFECT  H005 12 155  46 92 16 -1 200 0 0  ;尸王殿
MAPEFFECT   MFDL 405 230 46 92 16 -1 200 0 0  ;沃玛寺庙
MAPEFFECT   H010 155 155 46 92 16 -1 200 0 0  ;沃玛神殿
MAPEFFECT  MFDL 194 274  46 92 16 -1 200 0 0  ;野猪古墓
MAPEFFECT  H102 31 193  46 92 16 -1 200 0 0  ;古墓深处
MAPEFFECT  MFDL 255 292  46 92 16 -1 200 0 0  ;封魔殿
MAPEFFECT  D2010 67 53  46 92 16 -1 200 0 0  ;封魔殿
MAPEFFECT  MFDL 170 38  46 92 16 -1 200 0 0  ;骨魔洞
MAPEFFECT  D2065 239 25   46 92 16 -1 200 0 0  ;黄泉密室
MAPEFFECT   MFDL 195 49 46 92 16 -1 200 0 0  ;牛魔洞
MAPEFFECT   D2078 255 255 46 92 16 -1 200 0 0  ;牛魔王的寝宫
MAPEFFECT   MFDL 352 86 46 92 16 -1 200 0 0  ;祖玛寺庙
MAPEFFECT   H007 123 10 46 92 16 -1 200 0 0  ;祖玛教主的练功房
MAPEFFECT   MFDL 552 44 46 92 16 -1 200 0 0  ;赤月洞穴
MAPEFFECT   H009 149 103 46 92 16 -1 200 0 0  ;赤月魔穴
MAPEFFECT   MFDL 296 607 46 92 16 -1 200 0 0  ;蚂蚁洞
MAPEFFECT   d422 331 383 46 92 16 -1 200 0 0  ;蚂蚁王国
MAPEFFECT   M003 102 136 46 92 16 -1 200 0 0  ;米尔皇帝领地


MAPEFFECT   MFDL        530 259 46 92 16 -1 200 0 0  ;恐怖森林
MAPEFFECT   MFDL	661 270 46 92 16 -1 200 0 0  ;兽人谷
MAPEFFECT   MFDL	348 637 46 92 16 -1 200 0 0  ;食人谷
MAPEFFECT   MFDL	74 309  46 92 16 -1 200 0 0  ;古墓遗址
MAPEFFECT   MFDL	386 503 46 92 16 -1 200 0 0  ;镇魔阁
MAPEFFECT   MFDL	555 470 46 92 16 -1 200 0 0  ;恶龙池
MAPEFFECT   MFDL	604 48  46 92 16 -1 200 0 0  ;恶魔禁地
MAPEFFECT   MFDL	153 605 46 92 16 -1 200 0 0  ;腐蚀深渊

MAPEFFECT	MFDL	662 428 46 92 16 -1 200 0 0  ;钳虫巢穴
MAPEFFECT	MFDL	640 355 46 92 16 -1 200 0 0  ;堕落坟场
MAPEFFECT	MFDL	647 197 46 92 16 -1 200 0 0  ;困惑殿堂
MAPEFFECT	MFDL	297 277 46 92 16 -1 200 0 0  ;死亡神殿
MAPEFFECT	MFDL	347 658 46 92 16 -1 200 0 0  ;深渊魔域
MAPEFFECT	MFDL	511 510 46 92 16 -1 200 0 0  ;地狱烈焰
MAPEFFECT	MFDL	221 160 46 92 16 -1 200 0 0  ;藏宝阁

MAPEFFECT   FY2 29 82 46 92 16 -1 200 0 0  ;封印2
MAPEFFECT   FY3 29 82 46 92 16 -1 200 0 0  ;封印3
MAPEFFECT   FY4 29 82 46 92 16 -1 200 0 0  ;封印4
MAPEFFECT   FY5 29 82 46 92 16 -1 200 0 0  ;封印5
MAPEFFECT   FY6 29 82 46 92 16 -1 200 0 0  ;封印6
MAPEFFECT   FY7 29 82 46 92 16 -1 200 0 0  ;封印7
MAPEFFECT   FY8 29 82 46 92 16 -1 200 0 0  ;封印8
MAPEFFECT   FY9 29 82 46 92 16 -1 200 0 0  ;封印9

MAPEFFECT   九黎 343 513 46 92 16 -1 200 0 0  ;九黎皇宫
MAPEFFECT   九黎 12  42 46 92 16 -1 200 0 0  ;九黎皇宫回九黎
MAPEFFECT   九黎 357 325 46 92 16 -1 200 0 0  ;馆阁
MAPEFFECT   馆阁 9 18 46 92 16 -1 200 0 0  ;馆阁回九黎
MAPEFFECT   九黎 195 268 46 92 16 -1 200 0 0  ;峡谷之巅
MAPEFFECT   峡谷之巅 18 97 46 92 16 -1 200 0 0  ;峡谷宝藏
MAPEFFECT   九黎 587 138 46 92 16 -1 200 0 0  ;英雄之地
MAPEFFECT   D416 90 16 46 92 16 -1 200 0 0  ;英雄之地
MAPEFFECT   九黎 248 473 46 92 16 -1 200 0 0  ;封印之地
MAPEFFECT   D414 71 19 46 92 16 -1 200 0 0  ;封印之地
MAPEFFECT   九黎 204 413 46 92 16 -1 200 0 0  ;流放之地
MAPEFFECT   D415 84 16  46 92 16 -1 200 0 0  ;流放之地
MAPEFFECT   九黎 176 536 46 92 16 -1 200 0 0  ;相思墓穴
MAPEFFECT   相思墓穴一层 17 43 46 92 16 -1 200 0 0  ;相思墓穴
MAPEFFECT   相思墓穴二层 27 32 46 92 16 -1 200 0 0  ;相思墓穴
MAPEFFECT   九黎 380 166 46 92 16 -1 200 0 0  ;恶魔之心
MAPEFFECT   D613 12 14 46 92 16 -1 200 0 0  ;恶魔之心
MAPEFFECT   九黎 262 563 46 92 16 -1 200 0 0  ;潜龙峡谷
MAPEFFECT   D617 90 11 46 92 16 -1 200 0 0  ;潜龙峡谷
MAPEFFECT   九黎 235 163 46 92 16 -1 200 0 0  ;失落之地
MAPEFFECT   D615 88 76 46 92 16 -1 200 0 0  ;失落之地
MAPEFFECT   九黎 100 128 46 92 16 -1 200 0 0  ;群魔城堡
MAPEFFECT   D616 86 17 46 92 16 -1 200 0 0  ;群魔城堡
MAPEFFECT   九黎 178 378 46 92 16 -1 200 0 0  ;九幽洞
MAPEFFECT   D2003 30 83 46 92 16 -1 200 0 0  ;九幽洞
MAPEFFECT   九黎 343 513 46 92 16 -1 200 0 0  ;九黎皇宫
MAPEFFECT   D2004 20 17 46 92 16 -1 200 0 0  ;九黎皇宫
MAPEFFECT   虫穴一层 53 44 46 92 16 -1 200 0 0  ;虫穴二层
MAPEFFECT   虫穴二层 46 40 46 92 16 -1 200 0 0  ;虫穴三层
MAPEFFECT   虫穴三层 81 44 46 92 16 -1 200 0 0  ;虫穴四层
MAPEFFECT   虫穴四层 95 76 46 92 16 -1 200 0 0  ;虫穴五层
MAPEFFECT   寂静神殿一层 29 31 46 92 16 -1 200 0 0  ;寂静神殿二层
MAPEFFECT   寂静神殿二层 20 23 46 92 16 -1 200 0 0  ;寂静神殿三层
MAPEFFECT   寂静神殿三层 22 24 46 92 16 -1 200 0 0  ;寂静神殿四层
MAPEFFECT   寂静神殿四层 22 20 46 92 16 -1 200 0 0  ;寂静神殿五层

MAPEFFECT  天合关   529 256   46 92 16 -1 200 0 0  ;乱葬岗
MAPEFFECT  天合关   420 286   46 92 16 -1 200 0 0  ;泰摩高地
MAPEFFECT  天合关   725 341   46 92 16 -1 200 0 0  ;万兽森林
MAPEFFECT  天合关   206 528   46 92 16 -1 200 0 0  ;生死之地
MAPEFFECT  天合关   104 625   46 92 16 -1 200 0 0  ;古八阵
MAPEFFECT  天合关   376 600   46 92 16 -1 200 0 0  ;石魁牧野
MAPEFFECT  天合关   722 461   46 92 16 -1 200 0 0  ;亡灵地宫
MAPEFFECT  天合关 485 599   46 92 16 -1 200 0 0  ;皇陵古墓
MAPEFFECT  天合关 620 440   46 92 16 -1 200 0 0  ;阴风洞
MAPEFFECT  天合关 609 631   46 92 16 -1 200 0 0  ;将军坟
MAPEFFECT  天合关 682 685   46 92 16 -1 200 0 0  ;精绝古城
MAPEFFECT  天合关 633 315   46 92 16 -1 200 0 0  ;玛雅神殿
MAPEFFECT  天合关 250 130   46 92 16 -1 200 0 0  ;庇护所



MAPEFFECT  雷泽 291 64   46 92 16 -1 200 0 0  ;蝴蝶谷
MAPEFFECT  雷泽 424 302   46 92 16 -1 200 0 0  ;龙影迷窟
MAPEFFECT  雷泽 394 509   46 92 16 -1 200 0 0  ;埋骨之地
MAPEFFECT  雷泽 576 527   46 92 16 -1 200 0 0  ;玄冥教

MAPEFFECT  雷泽 620 101   46 92 16 -1 200 0 0  ;黑色荒地
MAPEFFECT  雷泽 188 331   46 92 16 -1 200 0 0  ;情缘峡谷
MAPEFFECT  雷泽 210 135   46 92 16 -1 200 0 0  ;月河渊
MAPEFFECT  雷泽 99 174   46 92 16 -1 200 0 0  ;万象阁
MAPEFFECT  雷泽 498 253   46 92 16 -1 200 0 0  ;冥王殿
MAPEFFECT  雷泽 182 583   46 92 16 -1 200 0 0  ;血煞殿
MAPEFFECT  雷泽 71 382   46 92 16 -1 200 0 0  ;幽灵谷
MAPEFFECT  雷泽 437 617   46 92 16 -1 200 0 0  ;震天宫
MAPEFFECT  雷泽 266 450   46 92 16 -1 200 0 0  ;英灵殿

MAPEFFECT  黑色荒地 36 81   46 92 16 -1 200 0 0  ;黑色荒地
MAPEFFECT  H203 77 16   46 92 16 -1 200 0 0  ;情缘峡谷
MAPEFFECT  月河渊 79 13   46 92 16 -1 200 0 0  ;月河渊
MAPEFFECT  D2011 19 21   46 92 16 -1 200 0 0  ;万象阁
MAPEFFECT  D2008 26 24   46 92 16 -1 200 0 0  ;冥王殿
MAPEFFECT  D2006 15 22   46 92 16 -1 200 0 0  ;血煞殿
MAPEFFECT  D10053 41 91   46 92 16 -1 200 0 0  ;幽灵谷
MAPEFFECT  震天秘境 13 9   46 92 16 -1 200 0 0  ;震天宫
MAPEFFECT  英灵奈何路 178 156   46 92 16 -1 200 0 0  ;英灵殿

MAPEFFECT  荒原 256 26    46 92 16 -1 200 0 0  ;迷乱森林
MAPEFFECT  荒原 264 581    46 92 16 -1 200 0 0  ;邪恶洞窟
MAPEFFECT  荒原 173 182    46 92 16 -1 200 0 0  ;幻物幽林
MAPEFFECT  荒原 291 355    46 92 16 -1 200 0 0  ;扭曲之地
MAPEFFECT  荒原 537 247    46 92 16 -1 200 0 0  ;绝望平原
MAPEFFECT  荒原 152 554    46 92 16 -1 200 0 0  ;暗月窟

MAPEFFECT  荒原 40 300     46 92 16 -1 200 0 0  ;帝王之墓
MAPEFFECT  荒原 94 77     46 92 16 -1 200 0 0  ;葬神之谷
MAPEFFECT  荒原 317 553     46 92 16 -1 200 0 0  ;活死人墓
MAPEFFECT  荒原 58 516     46 92 16 -1 200 0 0  ;梦幻之地
MAPEFFECT  荒原 528 509    46 92 16 -1 200 0 0  ;遗忘之地
MAPEFFECT  荒原 288 233     46 92 16 -1 200 0 0  ;远古战场
MAPEFFECT  荒原 417 122     46 92 16 -1 200 0 0  ;战神领地
MAPEFFECT  荒原 547 51     46 92 16 -1 200 0 0  ;魔刹天境

MAPEFFECT  北寒边界 237 50  28 1063 12 -1 200 0 0  ;冰宫大殿
MAPEFFECT  北寒边界 100 181  28 1063 12 -1 200 0 0  ;血色大殿
MAPEFFECT  北寒边界 30 430  28 1063 12 -1 200 0 0  ;诅咒之地
MAPEFFECT  北寒边界 153 25  28 1063 12 -1 200 0 0  ;祸乱之地
MAPEFFECT  北寒边界 255 262  28 1063 12 -1 200 0 0  ;贫瘠之地
MAPEFFECT  北寒边界 122 282  28 1063 12 -1 200 0 0  ;永歌森林
MAPEFFECT  北寒边界 272 91  28 1063 12 -1 200 0 0  ;生死门
MAPEFFECT  北寒边界 68 397  28 1063 12 -1 200 0 0  ;不死山
MAPEFFECT  北寒边界 54 152  28 1063 12 -1 200 0 0  ;天外天
MAPEFFECT  北寒边界 263 49  28 1063 12 -1 200 0 0  ;时空塔
MAPEFFECT  北寒边界 207 263  28 1063 12 -1 200 0 0  ;天幻境
MAPEFFECT  北寒边界 85 107  28 1063 12 -1 200 0 0  ;阴阳路

MAPEFFECT  北寒仙域 960 951  28 1063 12 -1 200 0 0  ;北寒秘境
MAPEFFECT  北寒仙域 634 523  28 1063 12 -1 200 0 0  ;冰川纪元
MAPEFFECT  北寒仙域 170 752  28 1063 12 -1 200 0 0  ;冰封王座
MAPEFFECT  北寒仙域 64 53  28 1063 12 -1 200 0 0  ;北寒之巅
MAPEFFECT  北寒仙域 442 116  28 1063 12 -1 200 0 0  ;昆仑神宫
MAPEFFECT  北寒仙域 418 257  28 1063 12 -1 200 0 0  ;逆央仙境
MAPEFFECT  北寒仙域 670 113  28 1063 12 -1 200 0 0  ;玄天宫殿
MAPEFFECT  北寒仙域 252 474  28 1063 12 -1 200 0 0  ;真天秘境
MAPEFFECT  北寒仙域 276 105  28 1063 12 -1 200 0 0  ;通天秘境
MAPEFFECT  北寒仙域 727 741  28 1063 12 -1 200 0 0  ;仙域古迹
MAPEFFECT  北寒仙域 596 817  28 1063 12 -1 200 0 0  ;九龙深渊
MAPEFFECT  北寒仙域 665 211  28 1063 12 -1 200 0 0  ;太古神迹

MAPEFFECT  群魔营地 24 29 28 800 12 -1 200 0 0  ;死亡炼狱
MAPEFFECT  群魔营地 336 329 28 800 12 -1 200 0 0  ;神氏废墟
MAPEFFECT  群魔营地 32 319 28 800 12 -1 200 0 0  ;盘龙之地
MAPEFFECT  群魔营地 176 78 28 800 12 -1 200 0 0  ;诅咒迷宫
MAPEFFECT  群魔营地 251 223 28 800 12 -1 200 0 0  ;幽灵地堡
MAPEFFECT  群魔营地 174 252 28 800 12 -1 200 0 0  ;幽冥涧地
MAPEFFECT  群魔营地 331 40 28 800 12 -1 200 0 0  ;洪荒战场
MAPEFFECT  群魔营地 89 156 28 800 12 -1 200 0 0  ;燃烧平原
MAPEFFECT  群魔营地 268 286 28 800 12 -1 200 0 0  ;地底深渊
MAPEFFECT  群魔营地 107 232 28 800 12 -1 200 0 0  ;暗黑黎明


MAPEFFECT  死亡炼狱 121 36 28 800 12 -1 200 0 0  ;死亡炼狱
MAPEFFECT  地底深渊2 125 11 28 800 12 -1 200 0 0  ;神氏废墟
MAPEFFECT  地底深渊3 47 52 28 800 12 -1 200 0 0  ;神氏废墟
MAPEFFECT  盘龙之地一层 242 23 28 800 12 -1 200 0 0  ;盘龙之地
MAPEFFECT  诅咒迷宫 123 10 28 800 12 -1 200 0 0  ;诅咒迷宫
MAPEFFECT  诅咒迷宫二层 123 10 28 800 12 -1 200 0 0  ;诅咒迷宫
MAPEFFECT  地底深渊4 48 23 28 800 12 -1 200 0 0  ;幽灵地堡
MAPEFFECT  地底深渊5 216 204 28 800 12 -1 200 0 0  ;幽灵地堡
MAPEFFECT  地底深渊6 69 47 28 800 12 -1 200 0 0  ;幽灵地堡
MAPEFFECT  幽冥涧地1 119 84 28 800 12 -1 200 0 0  ;幽冥涧地
MAPEFFECT  幽冥涧地2 26 206 28 800 12 -1 200 0 0  ;幽冥涧地
MAPEFFECT  幽冥涧地3 32 131 28 800 12 -1 200 0 0  ;幽冥涧地
MAPEFFECT  幽冥涧地4 144 263 28 800 12 -1 200 0 0  ;幽冥涧地
MAPEFFECT  洪荒战场1 178 157 28 800 12 -1 200 0 0  ;洪荒战场
MAPEFFECT  洪荒战场2 169 150 28 800 12 -1 200 0 0  ;洪荒战场
MAPEFFECT  燃烧平原1 51 31 28 800 12 -1 200 0 0  ;燃烧平原
MAPEFFECT  燃烧平原2 51 39 28 800 12 -1 200 0 0  ;燃烧平原
MAPEFFECT  燃烧平原3 61 64 28 800 12 -1 200 0 0  ;燃烧平原
MAPEFFECT  地底深渊一层 48 23 28 800 12 -1 200 0 0  ;地底深渊
MAPEFFECT  地底深渊二层 216 204 28 800 12 -1 200 0 0  ;地底深渊
MAPEFFECT  地底深渊三层 69 47 28 800 12 -1 200 0 0  ;地底深渊
MAPEFFECT  暗黑黎明1 59 78 28 800 12 -1 200 0 0  ;暗黑黎明
MAPEFFECT  暗黑黎明2 71 76 28 800 12 -1 200 0 0  ;暗黑黎明
MAPEFFECT  暗黑黎明3 76 84 28 800 12 -1 200 0 0  ;暗黑黎明
MAPEFFECT  暗黑黎明4 125 17 28 800 12 -1 200 0 0  ;暗黑黎明
MAPEFFECT  暗黑黎明5 29 28 28 800 12 -1 200 0 0  ;暗黑黎明


MAPEFFECT  神之领域 257 112 28 1063 12 -1 200 0 0  ;天眼幻境
MAPEFFECT  神之领域 444 237 28 1063 12 -1 200 0 0  ;摄魂大殿
MAPEFFECT  神之领域 865 950 28 1063 12 -1 200 0 0  ;绝望之地
MAPEFFECT  神之领域 415 961 28 1063 12 -1 200 0 0  ;神之墓地
MAPEFFECT  神之领域 847 845 28 1063 12 -1 200 0 0  ;死亡虫穴
MAPEFFECT  神之领域 69 804 28 1063 12 -1 200 0 0  ;幽灵船
MAPEFFECT  幽灵船 51 62 28 1063 12 -1 200 0 0  ;幽灵船舱
MAPEFFECT  神之领域 739 538 28 1063 12 -1 200 0 0  ;悟道场
MAPEFFECT  神之领域  472 879 28 1063 12 -1 200 0 0  ;地狱之门
MAPEFFECT  神之领域 295 339 28 1063 12 -1 200 0 0  ;审判之地
MAPEFFECT  神之领域  50 344 28 1063 12 -1 200 0 0  ;沉眠之地
MAPEFFECT  神之领域  616 208 28 1063 12 -1 200 0 0  ;镇妖祭坛
MAPEFFECT  神之领域 199 902 28 1063 12 -1 200 0 0  ;天涯海角
MAPEFFECT  神之领域  306 682 28 1063 12 -1 200 0 0  ;诛仙战场
MAPEFFECT  神之领域  719 818 28 1063 12 -1 200 0 0  ;风云之地
MAPEFFECT  神之领域  564 31 28 1063 12 -1 200 0 0  ;天之禁地
MAPEFFECT  神之领域  612 926 28 1063 12 -1 200 0 0  ;屠魔战场
MAPEFFECT  神之领域  304 814 28 1063 12 -1 200 0 0  ;玄天大殿
MAPEFFECT  神之领域  523 654 28 1063 12 -1 200 0 0  ;妖魔之路
MAPEFFECT  神之领域  896 102 28 1063 12 -1 200 0 0  ;阴阳两界


MAPEFFECT  玄天领域 101 95 28 1063 12 -1 200 0 0  ;玄天大殿




}