3
01
02
03
04
05
06
07
08
09
10
2101
2102
2103
1101
1102
1103
2201
2202
1201
1202
1203
1301
1302
1303
1401
1402
1403
1404
2501
2502
2503
2203
2204
2205
2301
2302
2303
2304
2305
2306
2307
2308
2401
2402
2403
3101
3102
3103
3104
3201
3202
3203
3204
3301
3302
3303
3401
3402
3403
4101
4102
4103
4201
4202
4203
4204
4205
4206
4301
4302
4303
4304
4401
4402
4403
4404
5301
5302
5303
5304
5101
5102
5103
5104
5105
5106
5201
5202
5203
5204
5401
5402
5403
5404
5405
5406
7101
7102
7103
7104
7201
7202
7301
7302
7303
7401
7402
7403
8101
8102
8103
8201
8202
8203
8301
8302
8401
8402
8403
9101
9102
9103
9201
9202
9203
9301
9302
9401
9402
9403
10101
10102
10103
10201
10202
10203
10301
10302
10303
10401
10402
10403
10404
10405