2	回城石	0	1	1	0	0
2	随机传送石	0	1	1	0	0
1	沃玛号角	0	1	1	0	0
1	超级祝福油	0	1	1	0	0
1	红名清洗卷	0	1	1	0	0
2	恢复药水	0	1	1	0	0
2	疗伤药	0	1	1	0	0
2	万年雪霜	0	1	1	0	0
2	〓〓〓〓会员〓〓〓〓	0	1	1	0	0
1	青铜会员	0	1	1	0	0
1	白银会员	0	1	1	0	0
1	黄金会员	0	1	1	0	0
1	白金会员	0	1	1	0	0
1	钻石会员	0	1	1	0	0
1	至尊会员	0	1	1	0	0
1	称号1	0	1	1	0	0
1	称号2	0	1	1	0	0
1	称号3	0	1	1	0	0
1	称号4	0	1	1	0	0
1	称号5	0	1	1	0	0
1	称号6	0	1	1	0	0
1	称号7	0	1	1	0	0
1	称号8	0	1	1	0	0
1	称号9	0	1	1	0	0
1	称号10	0	1	1	0	0
2	〓〓〓〓勋章〓〓〓〓	0	1	1	0	0
7	筑基	0	1	1	0	0
7	归元	0	1	1	0	0
1	等级丹	0	1	1	0	0
7	得道	0	1	1	0	0
7	悟道	0	1	1	0	0
7	渡魔	0	1	1	0	0
7	空冥	0	1	1	0	0
7	归元	0	1	1	0	0
7	天劫	0	1	1	0	0
7	化神	0	1	1	0	0
7	神王	0	1	1	0	0
7	神皇	0	1	1	0	0
7	尊主	0	1	1	0	0
7	超圣	0	1	1	0	0
2	〓〓〓〓元神内丹〓〓〓〓	0	1	1	0	0
1	元神内丹.Lv1	0	1	1	0	0
1	元神内丹.Lv2	0	1	1	0	0
1	元神内丹.Lv3	0	1	1	0	0
1	元神内丹.Lv4	0	1	1	0	0
1	元神内丹.Lv5	0	1	1	0	0
1	元神内丹.Lv6	0	1	1	0	0
1	元神内丹.Lv7	0	1	1	0	0
1	元神内丹.Lv8	0	1	1	0	0
1	元神内丹.Lv9	0	1	1	0	0
1	元神内丹.Lv10	0	1	1	0	0
1	元神内丹.Lv11	0	1	1	0	0
1	元神内丹.Lv12	0	1	1	0	0
1	元神内丹.Lv13	0	1	1	0	0
7	极速宝石1	0	1	1	0	0
7	宝石15	0	1	1	0	0
7	宝石16	0	1	1	0	0
7	宝石17	0	1	1	0	0
7	宝石18	0	1	1	0	0
7	宝石19	0	1	1	0	0
7	宝石20	0	1	1	0	0
7	宝石21	0	1	1	0	0
7	宝石22	0	1	1	0	0
7	宝石23	0	1	1	0	0
7	宝石24	0	1	1	0	0
7	宝石25	0	1	1	0	0
2	〓〓〓〓时装\武器〓〓〓〓	0	1	1	0	0
1	紫煞天魔甲	0	1	1	0	0
1	紫煞天魔杖	0	1	1	0	0
7	左手法器3	0	1	1	0	0
7	左手法器4	0	1	1	0	0
7	左手法器5	0	1	1	0	0
7	左手法器6	0	1	1	0	0
7	左手法器7	0	1	1	0	0
7	左手法器8	0	1	1	0	0
7	左手法器9	0	1	1	0	0
7	左手法器10	0	1	1	0	0
7	左手法器11	0	1	1	0	0
7	左手法器12	0	1	1	0	0
7	左手法器13	0	1	1	0	0
7	左手法器14	0	1	1	0	0
7	左手法器15	0	1	1	0	0
7	左手法器16	0	1	1	0	0
7	左手法器17	0	1	1	0	0
7	左手法器18	0	1	1	0	0
7	左手法器19	0	1	1	0	0
7	左手法器20	0	1	1	0	0
7	左手法器21	0	1	1	0	0
7	左手法器22	0	1	1	0	0
7	左手法器23	0	1	1	0	0
7	左手法器24	0	1	1	0	0
7	左手法器25	0	1	1	0	0
7	左手法器26	0	1	1	0	0
7	左手法器27	0	1	1	0	0
7	左手法器28	0	1	1	0	0
7	左手法器29	0	1	1	0	0
7	左手法器30	0	1	1	0	0
2	〓〓〓〓技能书〓〓〓〓	0	1	1	0	0
1	召唤火兽	0	1	1	0	0
1	幽龙镇魂	0	1	1	0	0
1	冰咆哮	0	1	1	0	0
1	烈火剑法	0	1	1	0	0
1	魔法盾	0	1	1	0	0
1	双防之盾	0	1	1	0	0
1	不屈意志	0	1	1	0	0
1	幻光剑影	0	1	1	0	0
1	灵符乱舞	0	1	1	0	0
1	噬心魔骨	0	1	1	0	0
1	混沌开天	0	1	1	0	0
1	龙影剑法	0	1	1	0	0
1	护体神盾	0	1	1	0	0
1	十步一杀	0	1	1	0	0
1	雷霆剑法	0	1	1	0	0
1	火球术	0	1	1	0	0
1	抗拒火环	0	1	1	0	0
1	诱惑之光	0	1	1	0	0
1	大火球	0	1	1	0	0
1	雷电术	0	1	1	0	0
1	地狱火	0	1	1	0	0
1	爆裂火焰	0	1	1	0	0
1	火墙	0	1	1	0	0
1	疾光电影	0	1	1	0	0
1	地狱雷光	0	1	1	0	0
1	魔法盾1	0	1	1	0	0
1	圣言术	0	1	1	0	0
1	冰咆哮1	0	1	1	0	0
1	群体雷电术	0	1	1	0	0
1	灭天火	0	1	1	0	0
1	混沌火雨	0	1	1	0	0
1	乾坤大挪移	0	1	1	0	0
1	分身术	0	1	1	0	0
1	冰霜群雨	0	1	1	0	0
1	冰霜雪雨	0	1	1	0	0
1	群体雷电术1	0	1	1	0	0
1	混沌石灵	0	1	1	0	0
1	精神力战法	0	1	1	0	0
1	施毒术	0	1	1	0	0
1	隐身术	0	1	1	0	0
1	灵魂火符	0	1	1	0	0
1	召唤骷髅	0	1	1	0	0
1	幽灵盾	0	1	1	0	0
1	神圣战甲术	0	1	1	0	0
1	心灵启示	0	1	1	0	0
1	集体隐身术	0	1	1	0	0
1	困魔咒	0	1	1	0	0
1	群体治愈术	0	1	1	0	0
1	解毒术	0	1	1	0	0
1	召唤神兽	0	1	1	0	0
1	气功波	0	1	1	0	0
1	飓风破	0	1	1	0	0
1	噬血术	0	1	1	0	0
1	群体施毒术	0	1	1	0	0
1	无极真气	0	1	1	0	0
1	死亡之眼	0	1	1	0	0
1	裂神符	0	1	1	0	0
1	〓〓〓〓面具〓〓〓〓	0	1	1	0	0
1	黄金面罩	0	1	1	0	0
1	蛮王面具	0	1	1	0	0
1	劣质面罩	0	1	1	0	0
1	普通面罩	0	1	1	0	0
1	精良面罩	0	1	1	0	0
1	稀有面罩	0	1	1	0	0
1	卓越面罩	0	1	1	0	0
1	完美面罩	0	1	1	0	0
1	史诗面罩	0	1	1	0	0
1	传说面罩	0	1	1	0	0
1	远古面罩	0	1	1	0	0
1	不朽面罩	0	1	1	0	0
1	圣物面罩	0	1	1	0	0
1	神赐面罩	0	1	1	0	0
1	恶人面具	0	1	1	0	0
1	终结者面具	0	1	1	0	0
1	链锯面具	0	1	1	0	0
1	蜘蛛侠面具	0	1	1	0	0
1	恶鬼面具	0	1	1	0	0
1	丑角面具	0	1	1	0	0
1	笑脸面具	0	1	1	0	0
1	小丑面具	0	1	1	0	0
1	大佬面具	0	1	1	0	0
1	邪恶面具	0	1	1	0	0
1	鬼王面具	0	1	1	0	0
1	骷髅面具	0	1	1	0	0
1	猴王面具	0	1	1	0	0
1	虎形面具	0	1	1	0	0
1	白狼面具	0	1	1	0	0
1	绿鸟面具	0	1	1	0	0
1	人皇面具	0	1	1	0	0
1	〓〓〓〓备用衣服〓〓〓〓	0	1	1	0	0
3	布衣	0	1	1	0	0
4	樊天逆法剑	0	1	1	0	0
3	中型盔甲	0	1	1	0	0
3	战士休闲服	0	1	1	0	0
3	法师休闲服	0	1	1	0	0
3	道士休闲服	0	1	1	0	0
3	心劫法甲2	0	1	1	0	0
3	灭劫战甲2	0	1	1	0	0
3	万劫道甲2	0	1	1	0	0
3	冰封战甲2	0	1	1	0	0
3	寒冰法甲2	0	1	1	0	0
3	冰晶道甲2	0	1	1	0	0
3	焚燃道甲	0	1	1	0	0
1	〓〓〓〓待用武器〓〓〓〓〓	0	1	1	0	0
4	黄金逍遥扇	0	1	1	0	0
4	九天灭劫刃	0	1	1	0	0
4	异形血魔刀	0	1	1	0	0
4	七星剑	0	1	1	0	0
4	苍穹万法轮1111	0	1	1	0	0
1	〓〓〓〓第一大陆复古武器〓〓〓〓	0	1	1	0	0
4	炼狱2	0	1	1	0	0
4	魔杖2	0	1	1	0	0
4	无极棍2	0	1	1	0	0
4	裁决之杖2	0	1	1	0	0
4	骨玉权杖2	0	1	1	0	0
4	龙纹剑2	0	1	1	0	0
4	斩马刀2	0	1	1	0	0
4	海魂2	0	1	1	0	0
4	半月2	0	1	1	0	0
4	修罗2	0	1	1	0	0
4	偃月	0	1	1	0	0
4	降魔	0	1	1	0	0
1	〓〓〓〓极品武器〓〓〓〓	0	1	1	0	0
4	开天-极品【用】	0	1	1	0	0
4	镇天-极品【用】	0	1	1	0	0
4	玄天-极品【用】	0	1	1	0	0
4	王者之刃-极品(已用)	0	1	1	0	0
4	王者之杖-极品	0	1	1	0	0
4	王者之剑-极品(已用）	0	1	1	0	0
1	〓〓〓〓新手出生〓〓〓〓	0	1	1	0	0
3	新手修罗装	0	1	1	0	0
4	新手修罗刀	0	1	1	0	0
3	极品布衣	0	1	1	0	0
1	〓〓〓〓第一大陆〓〓〓〓	0	1	1	0	0
1	〓〓〓〓0101〓〓〓〓	0	1	1	0	0
4	斩马刀	0	1	1	0	0
3	轻型战甲	0	1	1	0	0
5	骷髅头盔	0	1	1	0	0
5	灯笼项链	0	1	1	0	0
5	金手镯	0	1	1	0	0
5	金戒指	0	1	1	0	0
7	骷髅战靴	0	1	1	0	0
7	骷髅战带	0	1	1	0	0
4	海魂	0	1	1	0	0
3	轻型法甲	0	1	1	0	0
5	祈祷头盔	0	1	1	0	0
5	魔鬼项链	0	1	1	0	0
5	夏普儿手镯	0	1	1	0	0
5	蛇眼戒指	0	1	1	0	0
7	骷髅法靴	0	1	1	0	0
7	骷髅法带	0	1	1	0	0
4	命运之刃	0	1	1	0	0
3	轻型道甲	0	1	1	0	0
5	青铜头盔	0	1	1	0	0
5	琥珀项链	0	1	1	0	0
5	道士手镯	0	1	1	0	0
5	珍珠戒指	0	1	1	0	0
7	骷髅道靴	0	1	1	0	0
7	骷髅道带	0	1	1	0	0
1	〓〓〓〓0102〓〓〓〓	0	1	1	0	0
4	炼狱	0	1	1	0	0
3	中型战甲	0	1	1	0	0
5	黑铁头盔	0	1	1	0	0
5	蓝翡翠项链	0	1	1	0	0
5	坚固手套	0	1	1	0	0
5	黑色水晶戒指	0	1	1	0	0
7	弑僵战靴	0	1	1	0	0
7	弑僵战带	0	1	1	0	0
4	祈祷之刃	0	1	1	0	0
3	中型法甲	0	1	1	0	0
5	记忆头盔	0	1	1	0	0
5	放大镜	0	1	1	0	0
5	黑檀手镯	0	1	1	0	0
5	魅力戒指	0	1	1	0	0
7	弑僵法靴	0	1	1	0	0
7	弑僵法带	0	1	1	0	0
4	赤血	0	1	1	0	0
3	中型道甲	0	1	1	0	0
5	道士头盔	0	1	1	0	0
5	竹笛	0	1	1	0	0
5	幽灵手套	0	1	1	0	0
5	道德戒指	0	1	1	0	0
7	弑僵道靴	0	1	1	0	0
7	弑僵道带	0	1	1	0	0
1	〓〓〓〓0103〓〓〓〓	0	1	1	0	0
4	裁决之杖	0	1	1	0	0
3	重盔甲	0	1	1	0	0
5	触龙战盔	0	1	1	0	0
5	幽灵项链	0	1	1	0	0
5	死神手套	0	1	1	0	0
5	龙之戒指	0	1	1	0	0
7	触龙战靴	0	1	1	0	0
7	触龙腰带	0	1	1	0	0
4	魔杖	0	1	1	0	0
3	魔法长袍	0	1	1	0	0
5	触龙法盔	0	1	1	0	0
5	生命项链	0	1	1	0	0
5	思贝儿手镯	0	1	1	0	0
5	红宝石戒指	0	1	1	0	0
7	触龙法靴	0	1	1	0	0
7	触龙法带	0	1	1	0	0
4	无极棍	0	1	1	0	0
3	幽灵道袍	0	1	1	0	0
5	触龙道盔	0	1	1	0	0
5	天珠项链	0	1	1	0	0
5	心灵手镯	0	1	1	0	0
5	铂金戒指	0	1	1	0	0
7	触龙道靴	0	1	1	0	0
7	触龙道带	0	1	1	0	0
1	〓〓〓〓0104〓〓〓〓	0	1	1	0	0
4	怒斩	0	1	1	0	0
3	战神盔甲	0	1	1	0	0
5	战神战盔	0	1	1	0	0
5	绿色项链	0	1	1	0	0
5	骑士手镯	0	1	1	0	0
5	力量戒指	0	1	1	0	0
7	战神战靴	0	1	1	0	0
7	战神战带	0	1	1	0	0
4	骨玉权杖	0	1	1	0	0
3	魔力法袍	0	1	1	0	0
5	魔力法盔	0	1	1	0	0
5	魔力铃铛	0	1	1	0	0
5	龙之手镯	0	1	1	0	0
5	紫碧螺	0	1	1	0	0
7	魔力法靴	0	1	1	0	0
7	魔力法带	0	1	1	0	0
4	龙纹剑	0	1	1	0	0
3	九幽道袍	0	1	1	0	0
5	九幽道盔	0	1	1	0	0
5	灵魂项链	0	1	1	0	0
5	三眼手镯	0	1	1	0	0
5	泰坦戒指	0	1	1	0	0
7	九幽道靴	0	1	1	0	0
7	九幽道带	0	1	1	0	0
1	〓〓〓〓第二大陆〓〓〓〓	0	1	1	0	0
1	〓〓〓〓0201〓〓〓〓	0	1	1	0	0
4	屠龙	0	1	1	0	0
3	圣战盔甲	0	1	1	0	0
5	圣战头盔	0	1	1	0	0
5	圣战项链	0	1	1	0	0
5	圣战手镯	0	1	1	0	0
5	圣战戒指	0	1	1	0	0
7	圣战靴子	0	1	1	0	0
7	圣战腰带	0	1	1	0	0
4	嗜魂法杖	0	1	1	0	0
3	法神披风	0	1	1	0	0
5	法神头盔	0	1	1	0	0
5	法神项链	0	1	1	0	0
5	法神护臂	0	1	1	0	0
5	法神戒指	0	1	1	0	0
7	法神靴子	0	1	1	0	0
7	法神腰带	0	1	1	0	0
4	逍遥扇	0	1	1	0	0
3	天尊道袍	0	1	1	0	0
5	天尊头盔	0	1	1	0	0
5	天尊项链	0	1	1	0	0
5	天尊手镯	0	1	1	0	0
5	天尊戒指	0	1	1	0	0
7	天尊靴子	0	1	1	0	0
7	天尊腰带	0	1	1	0	0
1	〓〓〓〓0202〓〓〓〓	0	1	1	0	0
4	开天	0	1	1	0	0
3	雷霆战甲	0	1	1	0	0
5	雷霆战盔	0	1	1	0	0
5	雷霆项链	0	1	1	0	0
5	雷霆护臂	0	1	1	0	0
5	雷霆戒指	0	1	1	0	0
7	雷霆战靴	0	1	1	0	0
7	雷霆战带	0	1	1	0	0
4	镇天	0	1	1	0	0
3	烈焰法甲	0	1	1	0	0
5	烈焰法盔	0	1	1	0	0
5	烈焰项链	0	1	1	0	0
5	烈焰护臂	0	1	1	0	0
5	烈焰戒指	0	1	1	0	0
7	烈焰法靴	0	1	1	0	0
7	烈焰法带	0	1	1	0	0
4	玄天	0	1	1	0	0
3	光芒道甲	0	1	1	0	0
5	光芒道盔	0	1	1	0	0
5	光芒项链	0	1	1	0	0
5	光芒护臂	0	1	1	0	0
5	光芒戒指	0	1	1	0	0
7	光芒道靴	0	1	1	0	0
7	光芒道带	0	1	1	0	0
1	〓〓〓〓0203〓〓〓〓	0	1	1	0	0
4	金曜破甲斩	0	1	1	0	0
3	金曜光辉战甲	0	1	1	0	0
5	金曜战盔	0	1	1	0	0
5	金曜项链	0	1	1	0	0
5	金曜手镯	0	1	1	0	0
5	金曜戒指	0	1	1	0	0
7	金曜靴子	0	1	1	0	0
7	金曜战带	0	1	1	0	0
4	金莲通法杖	0	1	1	0	0
3	金莲星纹法袍	0	1	1	0	0
5	金莲头盔	0	1	1	0	0
5	金莲项链	0	1	1	0	0
5	金莲手镯	0	1	1	0	0
5	金莲戒指	0	1	1	0	0
7	金莲法靴	0	1	1	0	0
7	金莲法带	0	1	1	0	0
4	金焰青道剑	0	1	1	0	0
3	金焰白云道袍	0	1	1	0	0
5	金焰头盔	0	1	1	0	0
5	金焰项链	0	1	1	0	0
5	金焰手镯	0	1	1	0	0
5	金焰戒指	0	1	1	0	0
7	金焰道靴	0	1	1	0	0
7	金焰道带	0	1	1	0	0
1	〓〓〓〓0204〓〓〓〓	0	1	1	0	0
4	血洛之刃	0	1	1	0	0
3	血金战甲	0	1	1	0	0
5	血金战盔	0	1	1	0	0
5	血金项链	0	1	1	0	0
5	血金手镯	0	1	1	0	0
5	血金戒指	0	1	1	0	0
7	血金战靴	0	1	1	0	0
7	血金战带	0	1	1	0	0
4	嗜魂金杖	0	1	1	0	0
3	金鳞法甲	0	1	1	0	0
5	金鳞法盔	0	1	1	0	0
5	金鳞项链	0	1	1	0	0
5	金鳞手镯	0	1	1	0	0
5	金鳞戒指	0	1	1	0	0
7	金鳞法靴	0	1	1	0	0
7	金鳞法带	0	1	1	0	0
4	星幽道剑	0	1	1	0	0
3	星幽道甲	0	1	1	0	0
5	星幽头盔	0	1	1	0	0
5	星幽项链	0	1	1	0	0
5	星幽手镯	0	1	1	0	0
5	星幽戒指	0	1	1	0	0
7	星幽道靴	0	1	1	0	0
7	星幽道带	0	1	1	0	0
1	〓〓〓〓〓第三大陆〓〓〓〓〓	0	1	1	0	0
1	〓〓〓〓0301〓〓〓〓	0	1	1	0	0
4	王者之刃	0	1	1	0	0
3	虎啸战甲	0	1	1	0	0
5	虎啸战盔	0	1	1	0	0
5	虎啸项链	0	1	1	0	0
5	虎啸手镯	0	1	1	0	0
5	虎啸戒指	0	1	1	0	0
7	虎啸战靴	0	1	1	0	0
7	虎啸战带	0	1	1	0	0
4	王者之杖	0	1	1	0	0
3	凤吟法甲	0	1	1	0	0
5	凤吟头盔	0	1	1	0	0
5	凤吟项链	0	1	1	0	0
5	凤吟手镯	0	1	1	0	0
5	凤吟戒指	0	1	1	0	0
7	凤吟法靴	0	1	1	0	0
7	凤吟法带	0	1	1	0	0
4	王者之剑	0	1	1	0	0
3	狐鸣道甲	0	1	1	0	0
5	狐鸣道盔	0	1	1	0	0
5	狐鸣项链	0	1	1	0	0
5	狐鸣手镯	0	1	1	0	0
5	狐鸣戒指	0	1	1	0	0
7	狐鸣道靴	0	1	1	0	0
7	狐鸣道带	0	1	1	0	0
1	〓〓〓〓0302〓〓〓〓	0	1	1	0	0
4	雷火之剑	0	1	1	0	0
3	雷火战甲	0	1	1	0	0
5	雷火战盔	0	1	1	0	0
5	雷火项链	0	1	1	0	0
5	雷火手镯	0	1	1	0	0
5	雷火戒指	0	1	1	0	0
7	雷火战靴	0	1	1	0	0
7	雷火战带	0	1	1	0	0
4	紫月法杖	0	1	1	0	0
3	紫月法袍	0	1	1	0	0
5	紫月法盔	0	1	1	0	0
5	紫月项链	0	1	1	0	0
5	紫月手镯	0	1	1	0	0
5	紫月戒指	0	1	1	0	0
7	紫月法靴	0	1	1	0	0
7	紫月法带	0	1	1	0	0
4	冷星道剑	0	1	1	0	0
3	冷星道袍	0	1	1	0	0
5	冷星道盔	0	1	1	0	0
5	冷星项链	0	1	1	0	0
5	冷星手镯	0	1	1	0	0
5	冷星戒指	0	1	1	0	0
7	冷星道靴	0	1	1	0	0
7	冷星道带	0	1	1	0	0
1	〓〓〓〓0303〓〓〓〓	0	1	1	0	0
4	金煌屠龙斩	0	1	1	0	0
3	金煌战甲	0	1	1	0	0
5	金煌战盔	0	1	1	0	0
5	金煌项链	0	1	1	0	0
5	金煌护臂	0	1	1	0	0
5	金煌戒指	0	1	1	0	0
7	金煌战靴	0	1	1	0	0
7	金煌战带	0	1	1	0	0
4	星芒虚空杖	0	1	1	0	0
3	星芒法袍	0	1	1	0	0
5	星芒法盔	0	1	1	0	0
5	星芒项链	0	1	1	0	0
5	星芒护臂	0	1	1	0	0
5	星芒戒指	0	1	1	0	0
7	星芒法靴	0	1	1	0	0
7	星芒腰带	0	1	1	0	0
4	紫虚盘龙剑	0	1	1	0	0
3	紫虚道袍	0	1	1	0	0
5	紫虚道盔	0	1	1	0	0
5	紫虚项链	0	1	1	0	0
5	紫虚护臂	0	1	1	0	0
5	紫虚戒指	0	1	1	0	0
7	紫虚道靴	0	1	1	0	0
7	紫虚道带	0	1	1	0	0
1	〓〓〓〓0304〓〓〓〓	0	1	1	0	0
4	天龙弯月刀	0	1	1	0	0
3	天龙战袍	0	1	1	0	0
5	天龙战盔	0	1	1	0	0
5	天龙项链	0	1	1	0	0
5	天龙手镯	0	1	1	0	0
5	天龙戒指	0	1	1	0	0
7	天龙战靴	0	1	1	0	0
7	天龙战带	0	1	1	0	0
4	血龙赤阳杖	0	1	1	0	0
3	龙陨法袍	0	1	1	0	0
5	龙陨法盔	0	1	1	0	0
5	龙陨项链	0	1	1	0	0
5	龙陨手镯	0	1	1	0	0
5	龙陨戒指	0	1	1	0	0
7	龙陨法靴	0	1	1	0	0
7	龙陨法带	0	1	1	0	0
4	龙息赤火扇	0	1	1	0	0
3	龙息道袍	0	1	1	0	0
5	龙息道盔	0	1	1	0	0
5	龙息项链	0	1	1	0	0
5	龙息手套	0	1	1	0	0
5	龙息戒指	0	1	1	0	0
7	龙息道靴	0	1	1	0	0
7	龙息道带	0	1	1	0	0
1	〓〓〓〓〓第四大陆〓〓〓〓〓	0	1	1	0	0
1	〓〓〓〓0401〓〓〓〓	0	1	1	0	0
4	玄黄赤阳剑	0	1	1	0	0
3	玄黄战袍	0	1	1	0	0
5	玄黄战盔	0	1	1	0	0
5	玄黄项链	0	1	1	0	0
5	玄黄手镯	0	1	1	0	0
5	玄黄戒指	0	1	1	0	0
7	玄黄战靴	0	1	1	0	0
7	玄黄战带	0	1	1	0	0
4	血煞降魔杖	0	1	1	0	0
3	血煞法袍	0	1	1	0	0
5	血煞法盔	0	1	1	0	0
5	血煞项链	0	1	1	0	0
5	血煞手镯	0	1	1	0	0
5	血煞戒指	0	1	1	0	0
7	血煞法靴	0	1	1	0	0
7	血煞法带	0	1	1	0	0
4	白金封魔扇	0	1	1	0	0
3	蓝羽道袍	0	1	1	0	0
5	蓝羽道盔	0	1	1	0	0
5	蓝羽项链	0	1	1	0	0
5	蓝羽手套	0	1	1	0	0
5	蓝羽戒指	0	1	1	0	0
7	蓝羽道靴	0	1	1	0	0
7	蓝羽道带	0	1	1	0	0
1	〓〓〓〓0402〓〓〓〓	0	1	1	0	0
4	流炎破金刀	0	1	1	0	0
3	流焰战袍	0	1	1	0	0
5	流焰战盔	0	1	1	0	0
5	流焰项链	0	1	1	0	0
5	流焰手镯	0	1	1	0	0
5	流焰戒指	0	1	1	0	0
7	流焰战靴	0	1	1	0	0
7	流焰战带	0	1	1	0	0
4	蓝焰魔法刃	0	1	1	0	0
3	焰冰法袍	0	1	1	0	0
5	焰冰法盔	0	1	1	0	0
5	焰冰项链	0	1	1	0	0
5	焰冰护臂	0	1	1	0	0
5	焰冰戒指	0	1	1	0	0
7	焰冰法靴	0	1	1	0	0
7	焰冰法带	0	1	1	0	0
4	玉龙道剑	0	1	1	0	0
3	碎焰道袍	0	1	1	0	0
5	碎焰道盔	0	1	1	0	0
5	碎焰项链	0	1	1	0	0
5	碎焰护臂	0	1	1	0	0
5	碎焰戒指	0	1	1	0	0
7	碎焰道靴	0	1	1	0	0
7	碎焰道带	0	1	1	0	0
1	〓〓〓〓0403〓〓〓〓	0	1	1	0	0
4	黑煞金刀	0	1	1	0	0
3	黑煞战甲	0	1	1	0	0
5	黑煞战盔	0	1	1	0	0
5	黑煞项链	0	1	1	0	0
5	黑煞手镯	0	1	1	0	0
5	黑煞戒指	0	1	1	0	0
7	黑煞战靴	0	1	1	0	0
7	黑煞战带	0	1	1	0	0
4	万腐法剑	0	1	1	0	0
3	蚀黄法甲	0	1	1	0	0
5	蚀黄法盔	0	1	1	0	0
5	蚀黄项链	0	1	1	0	0
5	蚀黄手镯	0	1	1	0	0
5	蚀黄戒指	0	1	1	0	0
7	蚀黄法靴	0	1	1	0	0
7	蚀黄法带	0	1	1	0	0
4	葬黛蛊刃	0	1	1	0	0
3	葬黛道甲	0	1	1	0	0
5	葬黛道盔	0	1	1	0	0
5	葬黛项链	0	1	1	0	0
5	葬黛手镯	0	1	1	0	0
5	葬黛戒指	0	1	1	0	0
7	葬黛道靴	0	1	1	0	0
7	葬黛道带	0	1	1	0	0
1	〓〓〓〓0404〓〓〓〓	0	1	1	0	0
4	黑金裂空斩	0	1	1	0	0
3	裂金战甲	0	1	1	0	0
5	裂金战盔	0	1	1	0	0
5	裂金项链	0	1	1	0	0
5	裂金手套	0	1	1	0	0
5	裂金戒指	0	1	1	0	0
7	裂金战靴	0	1	1	0	0
7	裂金战带	0	1	1	0	0
4	流银雷电杖	0	1	1	0	0
3	流银法甲	0	1	1	0	0
5	流银法盔	0	1	1	0	0
5	流银项链	0	1	1	0	0
5	流银护臂	0	1	1	0	0
5	流银戒指	0	1	1	0	0
7	流银法靴	0	1	1	0	0
7	流银腰带	0	1	1	0	0
4	碎芒道法剑	0	1	1	0	0
3	碎芒道甲	0	1	1	0	0
5	碎芒道盔	0	1	1	0	0
5	碎芒项链	0	1	1	0	0
5	碎芒手镯	0	1	1	0	0
5	碎芒戒指	0	1	1	0	0
7	碎芒道靴	0	1	1	0	0
7	碎芒道带	0	1	1	0	0
1	〓〓〓〓〓第五大陆〓〓〓〓〓	0	1	1	0	0
1	〓〓〓〓00501〓〓〓〓	0	1	1	0	0
4	浩荡诛仙剑	0	1	1	0	0
3	诛仙战甲	0	1	1	0	0
5	诛仙战盔	0	1	1	0	0
5	诛仙项链	0	1	1	0	0
5	诛仙护臂	0	1	1	0	0
5	诛仙戒指	0	1	1	0	0
7	诛仙战靴	0	1	1	0	0
7	诛仙战带	0	1	1	0	0
4	血莲驱魔杖	0	1	1	0	0
3	驱魔法甲	0	1	1	0	0
5	驱魔法盔	0	1	1	0	0
5	驱魔项链	0	1	1	0	0
5	驱魔护臂	0	1	1	0	0
5	驱魔戒指	0	1	1	0	0
7	驱魔法靴	0	1	1	0	0
7	驱魔法带	0	1	1	0	0
4	银羽禁咒扇	0	1	1	0	0
3	斩妖道甲	0	1	1	0	0
5	斩妖头盔	0	1	1	0	0
5	斩妖项链	0	1	1	0	0
5	斩妖手镯	0	1	1	0	0
5	斩妖戒指	0	1	1	0	0
7	斩妖道靴	0	1	1	0	0
7	斩妖道带	0	1	1	0	0
1	〓〓〓〓00502〓〓〓〓	0	1	1	0	0
4	帝星龙骨斩	0	1	1	0	0
3	帝星战甲	0	1	1	0	0
5	帝星战盔	0	1	1	0	0
5	帝星项链	0	1	1	0	0
5	帝星护臂	0	1	1	0	0
5	帝星戒指	0	1	1	0	0
7	帝星战靴	0	1	1	0	0
7	帝星战带	0	1	1	0	0
4	凰彩仙灵剑	0	1	1	0	0
3	仙灵法甲	0	1	1	0	0
5	仙灵法盔	0	1	1	0	0
5	仙灵项链	0	1	1	0	0
5	仙灵护臂	0	1	1	0	0
5	仙灵戒指	0	1	1	0	0
7	仙灵法靴	0	1	1	0	0
7	仙灵法带	0	1	1	0	0
4	乾坤道术刃	0	1	1	0	0
3	乾坤道甲	0	1	1	0	0
5	乾坤道盔	0	1	1	0	0
5	乾坤项链	0	1	1	0	0
5	乾坤手镯	0	1	1	0	0
5	乾坤戒指	0	1	1	0	0
7	乾坤道靴	0	1	1	0	0
7	乾坤道带	0	1	1	0	0
1	〓〓〓〓00503〓〓〓〓	0	1	1	0	0
4	机械枪刃剑	0	1	1	0	0
3	翼能机动战甲	0	1	1	0	0
5	弑翼战盔	0	1	1	0	0
5	弑翼项链	0	1	1	0	0
5	弑翼护臂	0	1	1	0	0
5	弑翼戒指	0	1	1	0	0
7	弑翼战靴	0	1	1	0	0
7	弑翼腰带	0	1	1	0	0
4	降魔金刚杵	0	1	1	0	0
3	金凰法袍	0	1	1	0	0
5	金凰法盔	0	1	1	0	0
5	金凰项链	0	1	1	0	0
5	金凰护臂	0	1	1	0	0
5	金凰戒指	0	1	1	0	0
7	金凰法靴	0	1	1	0	0
7	金凰法带	0	1	1	0	0
4	玄幽道剑	0	1	1	0	0
3	玄幽道袍	0	1	1	0	0
5	玄幽道盔	0	1	1	0	0
5	玄幽项链	0	1	1	0	0
5	玄幽护臂	0	1	1	0	0
5	玄幽戒指	0	1	1	0	0
7	玄幽道靴	0	1	1	0	0
7	玄幽腰带	0	1	1	0	0
1	〓〓〓〓00504〓〓〓〓	0	1	1	0	0
4	天罚金刀	0	1	1	0	0
3	天罚金翅甲	0	1	1	0	0
5	天罚战盔	0	1	1	0	0
5	天罚项链	0	1	1	0	0
5	天罚护臂	0	1	1	0	0
5	天罚戒指	0	1	1	0	0
7	天罚战靴	0	1	1	0	0
7	天罚战带	0	1	1	0	0
4	古凰法杖	0	1	1	0	0
3	古凰法甲	0	1	1	0	0
5	古凰头盔	0	1	1	0	0
5	古凰项链	0	1	1	0	0
5	古凰护臂	0	1	1	0	0
5	古凰戒指	0	1	1	0	0
7	古凰法靴	0	1	1	0	0
7	古凰法带	0	1	1	0	0
4	紫劫道剑	0	1	1	0	0
3	紫劫道甲	0	1	1	0	0
5	紫劫道盔	0	1	1	0	0
5	紫劫项链	0	1	1	0	0
5	紫劫护臂	0	1	1	0	0
5	紫劫戒指	0	1	1	0	0
7	紫劫道靴	0	1	1	0	0
7	紫劫道带	0	1	1	0	0
1	〓〓〓〓〓第六大陆〓〓〓〓〓	0	1	1	0	0
1	〓〓〓〓第0601〓〓〓〓	0	1	1	0	0
4	白帝青龙剑	0	1	1	0	0
3	白帝战甲	0	1	1	0	0
5	白帝战盔	0	1	1	0	0
5	白帝项链	0	1	1	0	0
5	白帝护臂	0	1	1	0	0
5	白帝戒指	0	1	1	0	0
7	白帝战靴	0	1	1	0	0
7	白帝战带	0	1	1	0	0
4	青冥怒血杖	0	1	1	0	0
3	青冥法甲	0	1	1	0	0
5	青冥法盔	0	1	1	0	0
5	青冥项链	0	1	1	0	0
5	青冥护臂	0	1	1	0	0
5	青冥戒指	0	1	1	0	0
7	青冥法靴	0	1	1	0	0
7	青冥法带	0	1	1	0	0
4	绿灵卫道刃	0	1	1	0	0
3	绿灵道甲	0	1	1	0	0
5	绿灵道盔	0	1	1	0	0
5	绿灵项链	0	1	1	0	0
5	绿灵护臂	0	1	1	0	0
5	绿灵戒指	0	1	1	0	0
7	绿灵道靴	0	1	1	0	0
7	绿灵道带	0	1	1	0	0
1	〓〓〓〓第0602〓〓〓〓	0	1	1	0	0
4	火蝠金刀	0	1	1	0	0
3	火蝠霸体甲	0	1	1	0	0
5	火蝠战盔	0	1	1	0	0
5	火蝠项链	0	1	1	0	0
5	火蝠护臂	0	1	1	0	0
5	火蝠戒指	0	1	1	0	0
7	火蝠战靴	0	1	1	0	0
7	火蝠战带	0	1	1	0	0
4	霜九法剑	0	1	1	0	0
3	霜九法甲	0	1	1	0	0
5	霜九法盔	0	1	1	0	0
5	霜九项链	0	1	1	0	0
5	霜九护臂	0	1	1	0	0
5	霜九戒指	0	1	1	0	0
7	霜九法靴	0	1	1	0	0
7	霜九法带	0	1	1	0	0
4	冰封道剑	0	1	1	0	0
3	冰封道甲	0	1	1	0	0
5	冰封道盔	0	1	1	0	0
5	冰封项链	0	1	1	0	0
5	冰封护臂	0	1	1	0	0
5	冰封戒指	0	1	1	0	0
7	冰封道靴	0	1	1	0	0
7	冰封道带	0	1	1	0	0
1	〓〓〓〓第0603〓〓〓〓	0	1	1	0	0
4	黑死剑	0	1	1	0	0
3	黑影战甲	0	1	1	0	0
5	黑影战盔	0	1	1	0	0
5	黑影项链	0	1	1	0	0
5	黑影手镯	0	1	1	0	0
5	黑影戒指	0	1	1	0	0
7	黑影战鞋	0	1	1	0	0
7	黑影腰带	0	1	1	0	0
4	血影剑	0	1	1	0	0
3	血影法甲	0	1	1	0	0
5	血影法盔	0	1	1	0	0
5	血影项链	0	1	1	0	0
5	血影手镯	0	1	1	0	0
5	血影戒指	0	1	1	0	0
7	血影法鞋	0	1	1	0	0
7	血影法带	0	1	1	0	0
4	绿岚道剑	0	1	1	0	0
3	绿影道甲	0	1	1	0	0
5	绿影道盔	0	1	1	0	0
5	绿影项链	0	1	1	0	0
5	绿影手镯	0	1	1	0	0
5	绿影戒指	0	1	1	0	0
7	绿影道靴	0	1	1	0	0
7	绿影道带	0	1	1	0	0
1	〓〓〓〓第0604〓〓〓〓	0	1	1	0	0
4	神威轮回大剑	0	1	1	0	0
3	神威战甲	0	1	1	0	0
5	神威战盔	0	1	1	0	0
5	神威项链	0	1	1	0	0
5	神威护臂	0	1	1	0	0
5	神威戒指	0	1	1	0	0
7	神威战靴	0	1	1	0	0
7	神威战带	0	1	1	0	0
4	苍穹万法剑	0	1	1	0	0
3	苍穹法甲	0	1	1	0	0
5	苍穹法盔	0	1	1	0	0
5	苍穹项链	0	1	1	0	0
5	苍穹手套	0	1	1	0	0
5	苍穹戒指	0	1	1	0	0
7	苍穹法靴	0	1	1	0	0
7	苍穹法带	0	1	1	0	0
4	万劫天道剑	0	1	1	0	0
3	万劫道甲	0	1	1	0	0
5	万劫道盔	0	1	1	0	0
5	万劫项链	0	1	1	0	0
5	万劫护臂	0	1	1	0	0
5	万劫戒指	0	1	1	0	0
7	万劫道靴	0	1	1	0	0
7	万劫道带	0	1	1	0	0
1	〓〓〓〓〓第七大陆〓〓〓〓〓	0	1	1	0	0
1	〓〓〓〓0701〓〓〓〓	0	1	1	0	0
4	精绝黄金重剑	0	1	1	0	0
3	精绝黄金甲	0	1	1	0	0
5	精绝战盔	0	1	1	0	0
5	精绝项链	0	1	1	0	0
5	精绝护臂	0	1	1	0	0
5	精绝戒指	0	1	1	0	0
7	精绝战靴	0	1	1	0	0
7	精绝战带	0	1	1	0	0
4	紫精驱魔杖	0	1	1	0	0
3	紫精法袍	0	1	1	0	0
5	紫精法盔	0	1	1	0	0
5	紫精项链	0	1	1	0	0
5	紫精护臂	0	1	1	0	0
5	紫精戒指	0	1	1	0	0
7	紫精法靴	0	1	1	0	0
7	紫精法带	0	1	1	0	0
4	虚绝索魂鞭	0	1	1	0	0
3	绝虚道甲	0	1	1	0	0
5	绝虚道盔	0	1	1	0	0
5	绝虚项链	0	1	1	0	0
5	绝虚护臂	0	1	1	0	0
5	绝虚戒指	0	1	1	0	0
7	绝虚道靴	0	1	1	0	0
7	绝虚道带	0	1	1	0	0
1	〓〓〓〓0702〓〓〓〓	0	1	1	0	0
4	炎炎浩劫刃	0	1	1	0	0
3	焚炎战甲	0	1	1	0	0
5	焚炎战盔	0	1	1	0	0
5	焚炎项链	0	1	1	0	0
5	焚炎护臂	0	1	1	0	0
5	焚炎戒指	0	1	1	0	0
7	焚炎战靴	0	1	1	0	0
7	焚炎战带	0	1	1	0	0
4	焚天冰火杖	0	1	1	0	0
3	焚天法甲	0	1	1	0	0
5	焚天法盔	0	1	1	0	0
5	焚天项链	0	1	1	0	0
5	焚天手环	0	1	1	0	0
5	焚天戒指	0	1	1	0	0
7	焚天法靴	0	1	1	0	0
7	焚天法带	0	1	1	0	0
4	焚燃道法刀	0	1	1	0	0
3	焚龙道甲	0	1	1	0	0
5	焚龙道盔	0	1	1	0	0
5	焚龙项链	0	1	1	0	0
5	焚龙护臂	0	1	1	0	0
5	焚龙戒指	0	1	1	0	0
7	焚龙道靴	0	1	1	0	0
7	焚龙道带	0	1	1	0	0
1	〓〓〓〓0703〓〓〓〓	0	1	1	0	0
4	炙热惊雷斧	0	1	1	0	0
3	炙热战甲	0	1	1	0	0
5	炙热战盔	0	1	1	0	0
5	炙热项链	0	1	1	0	0
5	炙热手镯	0	1	1	0	0
5	炙热戒指	0	1	1	0	0
7	炙热战靴	0	1	1	0	0
7	炙热战带	0	1	1	0	0
4	青炎法剑	0	1	1	0	0
3	青炎法甲	0	1	1	0	0
5	青炎法盔	0	1	1	0	0
5	青炎项链	0	1	1	0	0
5	青炎手镯	0	1	1	0	0
5	青炎戒指	0	1	1	0	0
7	青炎法靴	0	1	1	0	0
7	青炎法核	0	1	1	0	0
4	血腥道锥	0	1	1	0	0
3	绿炎道甲	0	1	1	0	0
5	绿炎道盔	0	1	1	0	0
5	绿炎项链	0	1	1	0	0
5	绿炎护臂	0	1	1	0	0
5	绿炎戒指	0	1	1	0	0
7	绿炎道靴	0	1	1	0	0
7	绿炎道带	0	1	1	0	0
1	〓〓〓〓0704〓〓〓〓	0	1	1	0	0
4	半月血煞刀	0	1	1	0	0
3	血煞战甲	0	1	1	0	0
5	血饮战盔	0	1	1	0	0
5	血饮项链	0	1	1	0	0
5	血饮护臂	0	1	1	0	0
5	血饮戒指	0	1	1	0	0
7	血饮战靴	0	1	1	0	0
7	血饮战带	0	1	1	0	0
4	血祭雷陨杖	0	1	1	0	0
3	血祭法甲	0	1	1	0	0
5	血祭法盔	0	1	1	0	0
5	血祭项链	0	1	1	0	0
5	血祭护臂	0	1	1	0	0
5	血祭戒指	0	1	1	0	0
7	血祭法靴	0	1	1	0	0
7	血祭法带	0	1	1	0	0
4	血咒无极扇	0	1	1	0	0
3	血咒雷陨甲	0	1	1	0	0
5	血咒道盔	0	1	1	0	0
5	血咒项链	0	1	1	0	0
5	血咒护臂	0	1	1	0	0
5	血咒戒指	0	1	1	0	0
7	血咒道靴	0	1	1	0	0
7	血咒道带	0	1	1	0	0
1	〓〓〓〓〓第八大陆〓〓〓〓〓	0	1	1	0	0
1	〓〓〓〓0801〓〓〓〓	0	1	1	0	0
4	九狱凤舞剑	0	1	1	0	0
3	九狱火凤甲	0	1	1	0	0
5	炼狱战盔	0	1	1	0	0
5	炼狱项链	0	1	1	0	0
5	炼狱手套	0	1	1	0	0
5	炼狱戒指	0	1	1	0	0
7	炼狱战靴	0	1	1	0	0
7	炼狱战带	0	1	1	0	0
4	苍穹万法轮	0	1	1	0	0
3	火龙金魂甲	0	1	1	0	0
5	炼魂法盔	0	1	1	0	0
5	炼魂项链	0	1	1	0	0
5	炼魂护臂	0	1	1	0	0
5	炼魂戒指	0	1	1	0	0
7	炼魂法靴	0	1	1	0	0
7	炼魂法带	0	1	1	0	0
4	灵之银魂剑	0	1	1	0	0
3	银龙道灵甲	0	1	1	0	0
5	炼灵道盔	0	1	1	0	0
5	炼灵项链	0	1	1	0	0
5	炼灵护臂	0	1	1	0	0
5	炼灵戒指	0	1	1	0	0
7	炼灵道靴	0	1	1	0	0
7	炼灵腰带	0	1	1	0	0
1	〓〓〓〓0802〓〓〓〓	0	1	1	0	0
4	冥王金剑	0	1	1	0	0
3	冥王战甲	0	1	1	0	0
5	冥王战盔	0	1	1	0	0
5	冥王项链	0	1	1	0	0
5	冥王护臂	0	1	1	0	0
5	冥王戒指	0	1	1	0	0
7	冥王战靴	0	1	1	0	0
7	冥王腰带	0	1	1	0	0
4	冥光法刀	0	1	1	0	0
3	冥光法甲	0	1	1	0	0
5	冥光法盔	0	1	1	0	0
5	冥光项链	0	1	1	0	0
5	冥光护臂	0	1	1	0	0
5	冥光戒指	0	1	1	0	0
7	冥光法靴	0	1	1	0	0
7	冥光法带	0	1	1	0	0
4	影鸦道剑	0	1	1	0	0
3	影鸦道甲	0	1	1	0	0
5	冥影道盔	0	1	1	0	0
5	冥影项链	0	1	1	0	0
5	冥影护臂	0	1	1	0	0
5	冥影戒指	0	1	1	0	0
7	冥影道靴	0	1	1	0	0
7	冥影道带	0	1	1	0	0
1	〓〓〓〓0803〓〓〓〓	0	1	1	0	0
4	火疫剑	0	1	1	0	0
3	火疫金蝠甲	0	1	1	0	0
5	火疫战盔	0	1	1	0	0
5	火疫项链	0	1	1	0	0
5	火疫护臂	0	1	1	0	0
5	火疫戒指	0	1	1	0	0
7	火疫战靴	0	1	1	0	0
7	火疫战带	0	1	1	0	0
4	红瘟剑	0	1	1	0	0
3	红瘟火蝶甲	0	1	1	0	0
5	红瘟法盔	0	1	1	0	0
5	红瘟项链	0	1	1	0	0
5	红瘟护臂	0	1	1	0	0
5	红瘟戒指	0	1	1	0	0
7	红瘟法靴	0	1	1	0	0
7	红瘟法带	0	1	1	0	0
4	绿毒道咒剑	0	1	1	0	0
3	绿毒翼魔甲	0	1	1	0	0
5	绿毒道盔	0	1	1	0	0
5	绿毒项链	0	1	1	0	0
5	绿毒手镯	0	1	1	0	0
5	绿毒戒指	0	1	1	0	0
7	绿毒道靴	0	1	1	0	0
7	绿毒腰带	0	1	1	0	0
1	〓〓〓〓0804〓〓〓〓	0	1	1	0	0
4	暗凰剑	0	1	1	0	0
3	暗凰甲	0	1	1	0	0
5	暗凰战盔	0	1	1	0	0
5	暗凰项链	0	1	1	0	0
5	暗凰护臂	0	1	1	0	0
5	暗凰戒指	0	1	1	0	0
7	暗凰战靴	0	1	1	0	0
7	暗凰战带	0	1	1	0	0
4	蓝凰灵剑	0	1	1	0	0
3	蓝凰法甲	0	1	1	0	0
5	蓝灵法盔	0	1	1	0	0
5	蓝灵项链	0	1	1	0	0
5	蓝灵护臂	0	1	1	0	0
5	蓝灵戒指	0	1	1	0	0
7	蓝灵法靴	0	1	1	0	0
7	蓝灵法带	0	1	1	0	0
4	绿棕道剑	0	1	1	0	0
3	绿棕道甲	0	1	1	0	0
5	绿棕道盔	0	1	1	0	0
5	绿棕项链	0	1	1	0	0
5	绿棕护臂	0	1	1	0	0
5	绿棕戒指	0	1	1	0	0
7	绿棕道靴	0	1	1	0	0
7	绿棕腰带	0	1	1	0	0
1	〓〓〓〓〓第九大陆〓〓〓〓〓	0	1	1	0	0
1	〓〓〓〓0901〓〓〓〓	0	1	1	0	0
4	黑龙御焱刀	0	1	1	0	0
3	黑袍炼狱甲	0	1	1	0	0
5	杀戮战盔	0	1	1	0	0
5	杀戮项链	0	1	1	0	0
5	杀戮手镯	0	1	1	0	0
5	杀戮戒指	0	1	1	0	0
7	杀戮战靴	0	1	1	0	0
7	杀戮战带	0	1	1	0	0
4	魔眼法杖	0	1	1	0	0
3	红鹰法袍	0	1	1	0	0
5	红鹰法盔	0	1	1	0	0
5	红鹰项链	0	1	1	0	0
5	红鹰护臂	0	1	1	0	0
5	红鹰戒指	0	1	1	0	0
7	红鹰法靴	0	1	1	0	0
7	红鹰法带	0	1	1	0	0
4	蓝星道剑	0	1	1	0	0
3	蓝星道甲	0	1	1	0	0
5	蓝星道盔	0	1	1	0	0
5	蓝星项链	0	1	1	0	0
5	蓝星护臂	0	1	1	0	0
5	蓝星戒指	0	1	1	0	0
7	蓝星道靴	0	1	1	0	0
7	蓝星道带	0	1	1	0	0
1	〓〓〓〓0902〓〓〓〓	0	1	1	0	0
4	冰火灭天斩	0	1	1	0	0
3	蓝羽金甲	0	1	1	0	0
5	暴风战盔	0	1	1	0	0
5	暴风项链	0	1	1	0	0
5	暴风护臂	0	1	1	0	0
5	暴风戒指	0	1	1	0	0
7	暴风战靴	0	1	1	0	0
7	暴风战带	0	1	1	0	0
4	双龙权杖	0	1	1	0	0
3	彩羽披霞甲	0	1	1	0	0
5	霓霞法盔	0	1	1	0	0
5	霓霞项链	0	1	1	0	0
5	霓霞护臂	0	1	1	0	0
5	霓霞戒指	0	1	1	0	0
7	霓霞法靴	0	1	1	0	0
7	霓霞法带	0	1	1	0	0
4	凰骨逍遥扇	0	1	1	0	0
3	墨羽道甲	0	1	1	0	0
5	墨羽道盔	0	1	1	0	0
5	墨羽项链	0	1	1	0	0
5	墨羽手镯	0	1	1	0	0
5	墨羽戒指	0	1	1	0	0
7	墨羽道靴	0	1	1	0	0
7	墨羽道带	0	1	1	0	0
1	〓〓〓〓0903〓〓〓〓	0	1	1	0	0
4	金墨修罗剑	0	1	1	0	0
3	玄翼修罗铠	0	1	1	0	0
5	修罗战盔	0	1	1	0	0
5	修罗项链	0	1	1	0	0
5	修罗手镯	0	1	1	0	0
5	修罗戒指	0	1	1	0	0
7	修罗战靴	0	1	1	0	0
7	修罗腰带	0	1	1	0	0
4	黑云金纹刀	0	1	1	0	0
3	黑暗湮灭甲	0	1	1	0	0
5	湮灭法盔	0	1	1	0	0
5	湮灭项链	0	1	1	0	0
5	湮灭护臂	0	1	1	0	0
5	湮灭戒指	0	1	1	0	0
7	湮灭法靴	0	1	1	0	0
7	湮灭腰带	0	1	1	0	0
4	紫焰符道剑	0	1	1	0	0
3	紫藤天罡甲	0	1	1	0	0
5	天罡道盔	0	1	1	0	0
5	天罡项链	0	1	1	0	0
5	天罡手镯	0	1	1	0	0
5	天罡戒指	0	1	1	0	0
7	天罡道靴	0	1	1	0	0
7	天罡腰带	0	1	1	0	0
1	〓〓〓〓0904〓〓〓〓	0	1	1	0	0
4	红凰烈火斩	0	1	1	0	0
3	上古红凰甲	0	1	1	0	0
5	上古战盔	0	1	1	0	0
5	上古项链	0	1	1	0	0
5	上古护臂	0	1	1	0	0
5	上古戒指	0	1	1	0	0
7	上古战靴	0	1	1	0	0
7	上古战带	0	1	1	0	0
4	蓝凰元神剑	0	1	1	0	0
3	天启蓝凰甲	0	1	1	0	0
5	天启法盔	0	1	1	0	0
5	天启项链	0	1	1	0	0
5	天启护臂	0	1	1	0	0
5	天启戒指	0	1	1	0	0
7	天启法靴	0	1	1	0	0
7	天启法带	0	1	1	0	0
4	绿龙逆鳞剑	0	1	1	0	0
3	天命绿龙甲	0	1	1	0	0
5	天命道盔	0	1	1	0	0
5	天命项链	0	1	1	0	0
5	天命护臂	0	1	1	0	0
5	天命戒指	0	1	1	0	0
7	天命道靴	0	1	1	0	0
7	天命道带	0	1	1	0	0
1	〓〓〓〓〓第十大陆〓〓〓〓〓	0	1	1	0	0
1	〓〓〓〓1001〓〓〓〓	0	1	1	0	0
4	紫焰玄铁剑	0	1	1	0	0
3	刀翼玄铁甲	0	1	1	0	0
5	紫曜战盔	0	1	1	0	0
5	紫曜项链	0	1	1	0	0
5	紫曜护臂	0	1	1	0	0
5	紫曜戒指	0	1	1	0	0
7	紫曜战靴	0	1	1	0	0
7	紫曜战带	0	1	1	0	0
4	黑金烧火棍	0	1	1	0	0
3	黑金辉耀法袍	0	1	1	0	0
5	辉耀法盔	0	1	1	0	0
5	辉耀项链	0	1	1	0	0
5	辉耀护臂	0	1	1	0	0
5	辉耀戒指	0	1	1	0	0
7	辉耀法靴	0	1	1	0	0
7	辉耀法带	0	1	1	0	0
4	阴阳道剑	0	1	1	0	0
3	阴阳异蛛甲	0	1	1	0	0
5	阴阳道盔	0	1	1	0	0
5	阴阳项链	0	1	1	0	0
5	阴阳护臂	0	1	1	0	0
5	阴阳戒指	0	1	1	0	0
7	阴阳道靴	0	1	1	0	0
7	阴阳腰带	0	1	1	0	0
1	〓〓〓〓1002〓〓〓〓	0	1	1	0	0
4	幻彩金刚锥	0	1	1	0	0
3	金翅金刚甲	0	1	1	0	0
5	金刚战盔	0	1	1	0	0
5	金刚项链	0	1	1	0	0
5	金刚手套	0	1	1	0	0
5	金刚戒指	0	1	1	0	0
7	金刚战靴	0	1	1	0	0
7	金刚战带	0	1	1	0	0
4	银影法剑	0	1	1	0	0
3	奥义银影甲	0	1	1	0	0
5	银影法盔	0	1	1	0	0
5	银影项链	0	1	1	0	0
5	银影护臂	0	1	1	0	0
5	银影戒指	0	1	1	0	0
7	银影法靴	0	1	1	0	0
7	银影法带	0	1	1	0	0
4	血色双龙刺	0	1	1	0	0
3	血云真龙甲	0	1	1	0	0
5	真龙道盔	0	1	1	0	0
5	真龙项链	0	1	1	0	0
5	真龙护臂	0	1	1	0	0
5	真龙戒指	0	1	1	0	0
7	真龙道靴	0	1	1	0	0
7	真龙道带	0	1	1	0	0
1	〓〓〓〓1003〓〓〓〓	0	1	1	0	0
4	无畏龙骨剑	0	1	1	0	0
3	天使无畏战甲	0	1	1	0	0
5	无畏战盔	0	1	1	0	0
5	无畏项链	0	1	1	0	0
5	无畏护臂	0	1	1	0	0
5	无畏戒指	0	1	1	0	0
7	无畏战靴	0	1	1	0	0
7	无畏战带	0	1	1	0	0
4	破星杖	0	1	1	0	0
3	柳羽破星法甲	0	1	1	0	0
5	破星法盔	0	1	1	0	0
5	破星项链	0	1	1	0	0
5	破星护臂	0	1	1	0	0
5	破星戒指	0	1	1	0	0
7	破星法靴	0	1	1	0	0
7	破星法带	0	1	1	0	0
4	逍遥九天剑	0	1	1	0	0
3	逍遥九天甲	0	1	1	0	0
5	逍遥道盔	0	1	1	0	0
5	逍遥项链	0	1	1	0	0
5	逍遥护臂	0	1	1	0	0
5	逍遥戒指	0	1	1	0	0
7	逍遥道靴	0	1	1	0	0
7	逍遥道带	0	1	1	0	0
1	〓〓〓〓1004〓〓〓〓	0	1	1	0	0
4	究极刀皇刀	0	1	1	0	0
3	究极刀皇战甲	0	1	1	0	0
5	究极战盔	0	1	1	0	0
5	究极项链	0	1	1	0	0
5	究极护臂	0	1	1	0	0
5	究极戒指	0	1	1	0	0
7	究极战靴	0	1	1	0	0
7	究极腰带	0	1	1	0	0
4	天羽惊奇剑	0	1	1	0	0
3	天羽至高惊奇甲	0	1	1	0	0
5	至高法盔	0	1	1	0	0
5	至高项链	0	1	1	0	0
5	至高护臂	0	1	1	0	0
5	至高戒指	0	1	1	0	0
7	至高法靴	0	1	1	0	0
7	至高腰带	0	1	1	0	0
4	永恒惊凰剑	0	1	1	0	0
3	永恒真龙甲	0	1	1	0	0
5	永恒道盔	0	1	1	0	0
5	永恒项链	0	1	1	0	0
5	永恒护臂	0	1	1	0	0
5	永恒戒指	0	1	1	0	0
7	永恒道靴	0	1	1	0	0
7	永恒腰带	0	1	1	0	0
1	〓〓〓〓灵魂石〓〓〓〓	0	1	1	0	0
1	〓〓〓〓01〓〓〓〓	0	1	1	0	0
1	1101号板石	0	1	1	0	0
1	1102号板石	0	1	1	0	0
1	1103号板石	0	1	1	0	0
1	1104号板石	0	1	1	0	0
1	1105号板石	0	1	1	0	0
1	1106号板石	0	1	1	0	0
1	1107号板石	0	1	1	0	0
1	1108号板石	0	1	1	0	0
1	1201号板石	0	1	1	0	0
1	1202号板石	0	1	1	0	0
1	1203号板石	0	1	1	0	0
1	1204号板石	0	1	1	0	0
1	1205号板石	0	1	1	0	0
1	1206号板石	0	1	1	0	0
1	1207号板石	0	1	1	0	0
1	1208号板石	0	1	1	0	0
1	1301号板石	0	1	1	0	0
1	1302号板石	0	1	1	0	0
1	1303号板石	0	1	1	0	0
1	1304号板石	0	1	1	0	0
1	1305号板石	0	1	1	0	0
1	1306号板石	0	1	1	0	0
1	1307号板石	0	1	1	0	0
1	1308号板石	0	1	1	0	0
1	1401号板石	0	1	1	0	0
1	1402号板石	0	1	1	0	0
1	1403号板石	0	1	1	0	0
1	1404号板石	0	1	1	0	0
1	1405号板石	0	1	1	0	0
1	1406号板石	0	1	1	0	0
1	1407号板石	0	1	1	0	0
1	1408号板石	0	1	1	0	0
1	〓〓〓〓02〓〓〓〓	0	1	1	0	0
1	2101号板石	0	1	1	0	0
1	2102号板石	0	1	1	0	0
1	2103号板石	0	1	1	0	0
1	2104号板石	0	1	1	0	0
1	2105号板石	0	1	1	0	0
1	2106号板石	0	1	1	0	0
1	2107号板石	0	1	1	0	0
1	2108号板石	0	1	1	0	0
1	2201号板石	0	1	1	0	0
1	2202号板石	0	1	1	0	0
1	2203号板石	0	1	1	0	0
1	2204号板石	0	1	1	0	0
1	2205号板石	0	1	1	0	0
1	2206号板石	0	1	1	0	0
1	2207号板石	0	1	1	0	0
1	2208号板石	0	1	1	0	0
1	2301号板石	0	1	1	0	0
1	2302号板石	0	1	1	0	0
1	2303号板石	0	1	1	0	0
1	2304号板石	0	1	1	0	0
1	2305号板石	0	1	1	0	0
1	2306号板石	0	1	1	0	0
1	2307号板石	0	1	1	0	0
1	2308号板石	0	1	1	0	0
1	2401号板石	0	1	1	0	0
1	2402号板石	0	1	1	0	0
1	2403号板石	0	1	1	0	0
1	2404号板石	0	1	1	0	0
1	2405号板石	0	1	1	0	0
1	2406号板石	0	1	1	0	0
1	2407号板石	0	1	1	0	0
1	2408号板石	0	1	1	0	0
1	〓〓〓〓03〓〓〓〓	0	1	1	0	0
1	3101号板石	0	1	1	0	0
1	3102号板石	0	1	1	0	0
1	3103号板石	0	1	1	0	0
1	3104号板石	0	1	1	0	0
1	3105号板石	0	1	1	0	0
1	3106号板石	0	1	1	0	0
1	3107号板石	0	1	1	0	0
1	3108号板石	0	1	1	0	0
1	3201号板石	0	1	1	0	0
1	3202号板石	0	1	1	0	0
1	3203号板石	0	1	1	0	0
1	3204号板石	0	1	1	0	0
1	3205号板石	0	1	1	0	0
1	3206号板石	0	1	1	0	0
1	3207号板石	0	1	1	0	0
1	3208号板石	0	1	1	0	0
1	3301号板石	0	1	1	0	0
1	3302号板石	0	1	1	0	0
1	3303号板石	0	1	1	0	0
1	3304号板石	0	1	1	0	0
1	3305号板石	0	1	1	0	0
1	3306号板石	0	1	1	0	0
1	3307号板石	0	1	1	0	0
1	3308号板石	0	1	1	0	0
1	3401号板石	0	1	1	0	0
1	3402号板石	0	1	1	0	0
1	3403号板石	0	1	1	0	0
1	3404号板石	0	1	1	0	0
1	3405号板石	0	1	1	0	0
1	3406号板石	0	1	1	0	0
1	3407号板石	0	1	1	0	0
1	3408号板石	0	1	1	0	0
1	〓〓〓〓04〓〓〓〓	0	1	1	0	0
1	4101号板石	0	1	1	0	0
1	4102号板石	0	1	1	0	0
1	4103号板石	0	1	1	0	0
1	4104号板石	0	1	1	0	0
1	4105号板石	0	1	1	0	0
1	4106号板石	0	1	1	0	0
1	4107号板石	0	1	1	0	0
1	4108号板石	0	1	1	0	0
1	4201号板石	0	1	1	0	0
1	4202号板石	0	1	1	0	0
1	4203号板石	0	1	1	0	0
1	4204号板石	0	1	1	0	0
1	4205号板石	0	1	1	0	0
1	4206号板石	0	1	1	0	0
1	4207号板石	0	1	1	0	0
1	4208号板石	0	1	1	0	0
1	4301号板石	0	1	1	0	0
1	4302号板石	0	1	1	0	0
1	4303号板石	0	1	1	0	0
1	4304号板石	0	1	1	0	0
1	4305号板石	0	1	1	0	0
1	4306号板石	0	1	1	0	0
1	4307号板石	0	1	1	0	0
1	4308号板石	0	1	1	0	0
1	4401号板石	0	1	1	0	0
1	4402号板石	0	1	1	0	0
1	4403号板石	0	1	1	0	0
1	4404号板石	0	1	1	0	0
1	4405号板石	0	1	1	0	0
1	4406号板石	0	1	1	0	0
1	4407号板石	0	1	1	0	0
1	4408号板石	0	1	1	0	0
1	〓〓〓〓05〓〓〓〓	0	1	1	0	0
1	5101号板石	0	1	1	0	0
1	5102号板石	0	1	1	0	0
1	5103号板石	0	1	1	0	0
1	5104号板石	0	1	1	0	0
1	5105号板石	0	1	1	0	0
1	5106号板石	0	1	1	0	0
1	5107号板石	0	1	1	0	0
1	5108号板石	0	1	1	0	0
1	5201号板石	0	1	1	0	0
1	5202号板石	0	1	1	0	0
1	5203号板石	0	1	1	0	0
1	5204号板石	0	1	1	0	0
1	5205号板石	0	1	1	0	0
1	5206号板石	0	1	1	0	0
1	5207号板石	0	1	1	0	0
1	5208号板石	0	1	1	0	0
1	5301号板石	0	1	1	0	0
1	5302号板石	0	1	1	0	0
1	5303号板石	0	1	1	0	0
1	5304号板石	0	1	1	0	0
1	5305号板石	0	1	1	0	0
1	5306号板石	0	1	1	0	0
1	5307号板石	0	1	1	0	0
1	5308号板石	0	1	1	0	0
1	5401号板石	0	1	1	0	0
1	5402号板石	0	1	1	0	0
1	5403号板石	0	1	1	0	0
1	5404号板石	0	1	1	0	0
1	5405号板石	0	1	1	0	0
1	5406号板石	0	1	1	0	0
1	5407号板石	0	1	1	0	0
1	5408号板石	0	1	1	0	0
1	〓〓〓〓06〓〓〓〓	0	1	1	0	0
1	6101号板石	0	1	1	0	0
1	6102号板石	0	1	1	0	0
1	6103号板石	0	1	1	0	0
1	6104号板石	0	1	1	0	0
1	6105号板石	0	1	1	0	0
1	6106号板石	0	1	1	0	0
1	6107号板石	0	1	1	0	0
1	6108号板石	0	1	1	0	0
1	6201号板石	0	1	1	0	0
1	6202号板石	0	1	1	0	0
1	6203号板石	0	1	1	0	0
1	6204号板石	0	1	1	0	0
1	6205号板石	0	1	1	0	0
1	6206号板石	0	1	1	0	0
1	6207号板石	0	1	1	0	0
1	6208号板石	0	1	1	0	0
1	6301号板石	0	1	1	0	0
1	6302号板石	0	1	1	0	0
1	6303号板石	0	1	1	0	0
1	6304号板石	0	1	1	0	0
1	6305号板石	0	1	1	0	0
1	6306号板石	0	1	1	0	0
1	6307号板石	0	1	1	0	0
1	6308号板石	0	1	1	0	0
1	6401号板石	0	1	1	0	0
1	6402号板石	0	1	1	0	0
1	6403号板石	0	1	1	0	0
1	6404号板石	0	1	1	0	0
1	6405号板石	0	1	1	0	0
1	6406号板石	0	1	1	0	0
1	6407号板石	0	1	1	0	0
1	6408号板石	0	1	1	0	0
1	〓〓〓〓07〓〓〓〓	0	1	1	0	0
1	7101号板石	0	1	1	0	0
1	7102号板石	0	1	1	0	0
1	7103号板石	0	1	1	0	0
1	7104号板石	0	1	1	0	0
1	7105号板石	0	1	1	0	0
1	7106号板石	0	1	1	0	0
1	7107号板石	0	1	1	0	0
1	7108号板石	0	1	1	0	0
1	7201号板石	0	1	1	0	0
1	7202号板石	0	1	1	0	0
1	7203号板石	0	1	1	0	0
1	7204号板石	0	1	1	0	0
1	7205号板石	0	1	1	0	0
1	7206号板石	0	1	1	0	0
1	7207号板石	0	1	1	0	0
1	7208号板石	0	1	1	0	0
1	7301号板石	0	1	1	0	0
1	7302号板石	0	1	1	0	0
1	7303号板石	0	1	1	0	0
1	7304号板石	0	1	1	0	0
1	7305号板石	0	1	1	0	0
1	7306号板石	0	1	1	0	0
1	7307号板石	0	1	1	0	0
1	7308号板石	0	1	1	0	0
1	7401号板石	0	1	1	0	0
1	7402号板石	0	1	1	0	0
1	7403号板石	0	1	1	0	0
1	7404号板石	0	1	1	0	0
1	7405号板石	0	1	1	0	0
1	7406号板石	0	1	1	0	0
1	7407号板石	0	1	1	0	0
1	7408号板石	0	1	1	0	0
1	〓〓〓〓08〓〓〓〓	0	1	1	0	0
1	8101号板石	0	1	1	0	0
1	8102号板石	0	1	1	0	0
1	8103号板石	0	1	1	0	0
1	8104号板石	0	1	1	0	0
1	8105号板石	0	1	1	0	0
1	8106号板石	0	1	1	0	0
1	8107号板石	0	1	1	0	0
1	8108号板石	0	1	1	0	0
1	8201号板石	0	1	1	0	0
1	8202号板石	0	1	1	0	0
1	8203号板石	0	1	1	0	0
1	8204号板石	0	1	1	0	0
1	8205号板石	0	1	1	0	0
1	8206号板石	0	1	1	0	0
1	8207号板石	0	1	1	0	0
1	8208号板石	0	1	1	0	0
1	8301号板石	0	1	1	0	0
1	8302号板石	0	1	1	0	0
1	8303号板石	0	1	1	0	0
1	8304号板石	0	1	1	0	0
1	8305号板石	0	1	1	0	0
1	8306号板石	0	1	1	0	0
1	8307号板石	0	1	1	0	0
1	8308号板石	0	1	1	0	0
1	8401号板石	0	1	1	0	0
1	8402号板石	0	1	1	0	0
1	8403号板石	0	1	1	0	0
1	8404号板石	0	1	1	0	0
1	8405号板石	0	1	1	0	0
1	8406号板石	0	1	1	0	0
1	8407号板石	0	1	1	0	0
1	8408号板石	0	1	1	0	0
1	〓〓〓〓09〓〓〓〓	0	1	1	0	0
1	9101号板石	0	1	1	0	0
1	9102号板石	0	1	1	0	0
1	9103号板石	0	1	1	0	0
1	9104号板石	0	1	1	0	0
1	9105号板石	0	1	1	0	0
1	9106号板石	0	1	1	0	0
1	9107号板石	0	1	1	0	0
1	9108号板石	0	1	1	0	0
1	9201号板石	0	1	1	0	0
1	9202号板石	0	1	1	0	0
1	9203号板石	0	1	1	0	0
1	9204号板石	0	1	1	0	0
1	9205号板石	0	1	1	0	0
1	9206号板石	0	1	1	0	0
1	9207号板石	0	1	1	0	0
1	9208号板石	0	1	1	0	0
1	9301号板石	0	1	1	0	0
1	9302号板石	0	1	1	0	0
1	9303号板石	0	1	1	0	0
1	9304号板石	0	1	1	0	0
1	9305号板石	0	1	1	0	0
1	9306号板石	0	1	1	0	0
1	9307号板石	0	1	1	0	0
1	9308号板石	0	1	1	0	0
1	9401号板石	0	1	1	0	0
1	9402号板石	0	1	1	0	0
1	9403号板石	0	1	1	0	0
1	9404号板石	0	1	1	0	0
1	9405号板石	0	1	1	0	0
1	9406号板石	0	1	1	0	0
1	9407号板石	0	1	1	0	0
1	9408号板石	0	1	1	0	0
1	〓〓〓〓10〓〓〓〓	0	1	1	0	0
1	0101号板石	0	1	1	0	0
1	0102号板石	0	1	1	0	0
1	0103号板石	0	1	1	0	0
1	0104号板石	0	1	1	0	0
1	0105号板石	0	1	1	0	0
1	0106号板石	0	1	1	0	0
1	0107号板石	0	1	1	0	0
1	0108号板石	0	1	1	0	0
1	0201号板石	0	1	1	0	0
1	0202号板石	0	1	1	0	0
1	0203号板石	0	1	1	0	0
1	0204号板石	0	1	1	0	0
1	0205号板石	0	1	1	0	0
1	0206号板石	0	1	1	0	0
1	0207号板石	0	1	1	0	0
1	0208号板石	0	1	1	0	0
1	0301号板石	0	1	1	0	0
1	0302号板石	0	1	1	0	0
1	0303号板石	0	1	1	0	0
1	0304号板石	0	1	1	0	0
1	0305号板石	0	1	1	0	0
1	0306号板石	0	1	1	0	0
1	0307号板石	0	1	1	0	0
1	0308号板石	0	1	1	0	0
1	0401号板石	0	1	1	0	0
1	0402号板石	0	1	1	0	0
1	0403号板石	0	1	1	0	0
1	0404号板石	0	1	1	0	0
1	0405号板石	0	1	1	0	0
1	0406号板石	0	1	1	0	0
1	0407号板石	0	1	1	0	0
1	0408号板石	0	1	1	0	0
1	〓〓〓〓城主之魂〓〓〓〓	0	1	1	0	0
1	暗夜城主魂灵	0	1	1	0	0
1	天威城主魂灵	0	1	1	0	0
1	曙光城主魂灵	0	1	1	0	0
1	归隐城主魂灵	0	1	1	0	0
1	龙祖城主魂灵	0	1	1	0	0
1	冰雪城主魂灵	0	1	1	0	0
1	兰陵城主魂灵	0	1	1	0	0
1	冰火城主魂灵	0	1	1	0	0
1	暴风城主魂灵	0	1	1	0	0
1	荒漠城主魂灵	0	1	1	0	0
1	〓〓〓〓物品〓〓〓〓	0	1	1	0	0
5	传送戒指	0	1	1	0	0
1	经验宝珠一级	0	1	1	0	0
1	杀怪经验增加5%	0	1	1	0	0
7	灵器「绿魔之眼」	0	1	1	0	0
1	书页	0	1	1	0	0
1	石中火精	0	1	1	0	0
1	木质盾牌	0	1	1	0	0
1	白坚木盾	0	1	1	0	0
1	青铜战盾	0	1	1	0	0
1	阿尔戈斯盾	0	1	1	0	0
1	大地守护之盾	0	1	1	0	0
1	紫晶神盾	0	1	1	0	0
1	火焱金盾	0	1	1	0	0
1	冰晶炎盾	0	1	1	0	0
1	防御之盾	0	1	1	0	0
1	哈哈哈	0	1	1	0	0
1	天威城信物	0	1	1	0	0
1	曙光城信物	0	1	1	0	0
1	归隐城信物	0	1	1	0	0
1	龙祖城信物	0	1	1	0	0
1	冰雪城信物	0	1	1	0	0
1	兰陵城信物	0	1	1	0	0
1	青鸾城信物	0	1	1	0	0
1	羽幻城信物	0	1	1	0	0
1	鸿蒙城信物	0	1	1	0	0
1	烈焰神盾	0	1	1	0	0
1	青龙灵力	0	1	1	0	0
1	白虎灵力	0	1	1	0	0
1	朱雀灵力	0	1	1	0	0
1	玄武灵力	0	1	1	0	0
5	BOSS专属测试	0	1	1	0	0
5	复仇者戒指1	0	1	1	0	0
5	超级复活戒指	0	1	1	0	0
1	坚固的木屑	0	1	1	0	0
5	巨阙剑	0	1	1	0	0
5	山河扇	0	1	1	0	0
5	昊天镜	0	1	1	0	0
1	魂禁天符	0	1	1	0	0
1	初级精铁粉尘	0	1	1	0	0
1	中级精铁粉尘	0	1	1	0	0
1	高级精铁粉尘	0	1	1	0	0
1	超级精铁粉尘	0	1	1	0	0
1	新手凭证	0	1	1	0	0
1	〓〓〓〓〓备用武器〓〓〓〓〓	0	1	1	0	0
4	刀001	0	1	1	0	0
4	刀002	0	1	1	0	0
4	刀003	0	1	1	0	0
4	杖001	0	1	1	0	0
4	幽蓝冰霜剑	0	1	1	0	0
4	紫芒天道剑	0	1	1	0	0
4	火之灵剑	0	1	1	0	0
4	滴血镰	0	1	1	0	0
4	血色月牙斩	0	1	1	0	0
4	璀璨怒斩	0	1	1	0	0
4	金龙剑	0	1	1	0	0
4	火龙金刀	0	1	1	0	0
3	火龙神甲	0	1	1	0	0
4	大威天龙刀	0	1	1	0	0
3	大威天龙甲(外观)	0	1	1	0	0
4	凤求凰火刀	0	1	1	0	0
3	凤求凰战甲	0	1	1	0	0
3	火鸟法甲	0	1	1	0	0
4	红鸟剑	0	1	1	0	0
3	红鸟甲	0	1	1	0	0
4	蓝鸟剑	0	1	1	0	0
3	蓝鸟甲(外观不行)	0	1	1	0	0
3	蓝鸟道甲	0	1	1	0	0
4	火纹剑	0	1	1	0	0
4	白龙吟法剑	0	1	1	0	0
4	雷鸣罗汉戟	0	1	1	0	0
4	龙骨金剑	0	1	1	0	0
4	惊雷斧	0	1	1	0	0
4	流光蝴蝶剑	0	1	1	0	0
4	猩红烈刃	0	1	1	0	0
4	青电长剑	0	1	1	0	0
4	神兵银雷剑	0	1	1	0	0
4	审判幻龙剑	0	1	1	0	0
4	电雷剑	0	1	1	0	0
4	光剑	0	1	1	0	0
4	蓝光武士	0	1	1	0	0
4	紫雷剑	0	1	1	0	0
4	绚丽镰刀	0	1	1	0	0
4	绚丽螺纹剑	0	1	1	0	0
4	绿芒道剑	0	1	1	0	0
4	黑死剑1	0	1	1	0	0
4	鹰王法剑	0	1	1	0	0
3	鹰王法甲	0	1	1	0	0
4	秋水剑	0	1	1	0	0
4	火鳞剑	0	1	1	0	0
1	〓〓〓〓〓法宝〓〓〓〓〓	0	1	1	0	0
5	盘龙之戒	0	1	1	0	0
5	翠林之心	0	1	1	0	0
5	九转紫葫	0	1	1	0	0
5	木曜之心	0	1	1	0	0
5	碧空神镜	0	1	1	0	0
5	熔岩之珠	0	1	1	0	0
5	钢蛟守护	0	1	1	0	0
5	凰之玄晶	0	1	1	0	0
5	双龙圣炉	0	1	1	0	0
5	森林之心	0	1	1	0	0
5	不朽之铠	0	1	1	0	0
5	恶魔铃铛	0	1	1	0	0
5	龙之血	0	1	1	0	0
5	金禅魔钟	0	1	1	0	0
5	血镰之舞	0	1	1	0	0
5	星辰塔	0	1	1	0	0
5	金雷经筒	0	1	1	0	0
5	清泉宝瓶	0	1	1	0	0
5	天魔琴	0	1	1	0	0
5	神金戟	0	1	1	0	0
5	剔魔骨	0	1	1	0	0
5	锁魂幡	0	1	1	0	0
5	麒麟臂	0	1	1	0	0
5	神眸之瞳	0	1	1	0	0
5	圣光莲塔	0	1	1	0	0
5	星辰秘典	0	1	1	0	0
5	如意葫芦	0	1	1	0	0
5	能量本源	0	1	1	0	0
5	干将莫邪剑	0	1	1	0	0
5	魔凝黑珠	0	1	1	0	0
5	圣光面具	0	1	1	0	0
5	金之灵币	0	1	1	0	0
5	太极本源	0	1	1	0	0
5	阴阳鱼	0	1	1	0	0
5	月光宝盒	0	1	1	0	0
5	圣地之心	0	1	1	0	0
5	时间水晶	0	1	1	0	0
5	海洋之心	0	1	1	0	0
5	封印天书	0	1	1	0	0
5	赤阳之箭	0	1	1	0	0
5	九曜剑鞘	0	1	1	0	0
5	噬魂魔铃	0	1	1	0	0
5	不死鸟甲	0	1	1	0	0
5	魔面金鞍	0	1	1	0	0
5	毅和神像	0	1	1	0	0
5	炎帝面罩	0	1	1	0	0
5	恶魔之力	0	1	1	0	0
5	离火珠	0	1	1	0	0
5	招魂莲灯	0	1	1	0	0
5	振奋号角	0	1	1	0	0
5	雷电之锤	0	1	1	0	0
5	混元紫珠	0	1	1	0	0
5	凤凰琴	0	1	1	0	0
5	朝仙图	0	1	1	0	0
5	炎焰火种	0	1	1	0	0
5	离火面具	0	1	1	0	0
5	魔龙鼎	0	1	1	0	0
5	怀罪之匕	0	1	1	0	0
5	金龙针	0	1	1	0	0
5	紫金葫芦	0	1	1	0	0
5	锁妖碑	0	1	1	0	0
5	冰银环	0	1	1	0	0
5	双龙锥	0	1	1	0	0
5	炎狱帆	0	1	1	0	0
5	药王鼎	0	1	1	0	0
5	仙法本源	0	1	1	0	0
5	乾坤圈	0	1	1	0	0
5	亡国玉玺	0	1	1	0	0
5	双龙戏珠	0	1	1	0	0
5	焰之守护	0	1	1	0	0
5	炎魔之力	0	1	1	0	0
5	寒冰之眼	0	1	1	0	0
5	幽莲魂灯	0	1	1	0	0
5	星锥之轮	0	1	1	0	0
5	血晶	0	1	1	0	0
5	绿晶	0	1	1	0	0
5	玄黄晶	0	1	1	0	0
5	冰之晶	0	1	1	0	0
5	火之灵	0	1	1	0	0
5	石之眼	0	1	1	0	0
5	火龙珠	0	1	1	0	0
5	龙眼黄晶	0	1	1	0	0
5	蛇王台	0	1	1	0	0
5	恶魔之翼	0	1	1	0	0
5	日精月华	0	1	1	0	0
5	灵动风翼	0	1	1	0	0
5	八荒枪灵	0	1	1	0	0
5	九天剑意	0	1	1	0	0
5	混元金翼	0	1	1	0	0
5	黑凰珠	0	1	1	0	0
5	镇魂塔	0	1	1	0	0
5	冰霜环	0	1	1	0	0
5	翼龙珠	0	1	1	0	0
5	炽阳灯	0	1	1	0	0
5	金塔	0	1	1	0	0
5	玲珑珠	0	1	1	0	0
5	灵铃	0	1	1	0	0
5	寒冰龙眼	0	1	1	0	0
5	冰封魔珠	0	1	1	0	0
5	双鱼神珠	0	1	1	0	0
5	冰心圣珠	0	1	1	0	0
5	星辰灵珠	0	1	1	0	0
5	盘龙幻镜	0	1	1	0	0
5	瑞气鼎	0	1	1	0	0
5	炎黄鼎	0	1	1	0	0
5	天罡鼎	0	1	1	0	0
5	火龙头颅	0	1	1	0	0
5	魔龙头颅	0	1	1	0	0
5	宝莲灯	0	1	1	0	0
5	王者镖旗	0	1	1	0	0
5	招魂风筝	0	1	1	0	0
5	天书圣典	0	1	1	0	0
5	书道之魂	0	1	1	0	0
5	天命秘笈	0	1	1	0	0
5	神光经书	0	1	1	0	0
5	瑞玉仙佩(弃用)	0	1	1	0	0
5	玉龙宝佩(弃用)	0	1	1	0	0
5	玉蝶灵佩(弃用)	0	1	1	0	0
5	青玉护佑(弃用)	0	1	1	0	0
5	玉琼仙佩(弃用)	0	1	1	0	0
5	玉凰宝坠(弃用)	0	1	1	0	0
5	圣莲玉佩(弃用)	0	1	1	0	0
5	龙血魔佩(弃用)	0	1	1	0	0
5	青龙法佩(弃用)	0	1	1	0	0
5	龙皇玉佩(弃用)	0	1	1	0	0
5	冷月冰魄	0	1	1	0	0
5	瑶光神珠	0	1	1	0	0
5	青面兽璧	0	1	1	0	0
5	璀璨明珠	0	1	1	0	0
5	琉璃灵珠	0	1	1	0	0
5	璞玉灵宝	0	1	1	0	0
5	童心未泯	0	1	1	0	0
5	书生意气	0	1	1	0	0
5	龙鸣仙胡	0	1	1	0	0
5	恶魔之盾	0	1	1	0	0
5	魔影雷镖	0	1	1	0	0
5	陪葬玉鱼	0	1	1	0	0
5	冰封秘典	0	1	1	0	0
5	风之童趣	0	1	1	0	0
5	梦幻飞翼	0	1	1	0	0
5	火焰烈翼	0	1	1	0	0
5	珠海琼宝	0	1	1	0	0
5	不屈战意	0	1	1	0	0
5	极寒风暴	0	1	1	0	0
5	魔龙之牙	0	1	1	0	0
5	怒火狂风	0	1	1	0	0
5	不祥征兆	0	1	1	0	0
5	幽冥守护	0	1	1	0	0
5	不朽之盾	0	1	1	0	0
5	永恒之盾	0	1	1	0	0
5	花仙祝福	0	1	1	0	0
5	贤者庇护	0	1	1	0	0
5	弑君之力	0	1	1	0	0
5	屠魔之力	0	1	1	0	0
5	黑暗遗志	0	1	1	0	0
5	骷髅之力	0	1	1	0	0
1	幽梦之灵【仙器】	0	1	1	0	0
1	星辰坠【仙器】	0	1	1	0	0
5	金之辉耀	0	1	1	0	0
5	霸者重臂	0	1	1	0	0
5	魔女之怒	0	1	1	0	0
5	狂暴之盾	0	1	1	0	0
5	黑曜之魂	0	1	1	0	0
5	邪恶灵魂	0	1	1	0	0
5	恶魔之眼	0	1	1	0	0
5	炼金护符	0	1	1	0	0
5	森罗密令	0	1	1	0	0
5	巨人之握	0	1	1	0	0
5	紫幽魔扇	0	1	1	0	0
5	雷电镖	0	1	1	0	0
5	金耀防护	0	1	1	0	0
5	摄魂神像(弃用)	0	1	1	0	0
5	魔首颅骨	0	1	1	0	0
5	恶魔之首	0	1	1	0	0
5	诅咒头骨	0	1	1	0	0
5	厄运神像	0	1	1	0	0
5	噬魂骷髅	0	1	1	0	0
5	龙魂之珠	0	1	1	0	0
5	龙威宝珠	0	1	1	0	0
5	龙皇神珠	0	1	1	0	0
5	龙息宝石	0	1	1	0	0
5	龙纹灵珠	0	1	1	0	0
5	龙神圣珠	0	1	1	0	0
5	龙吟天珠	0	1	1	0	0
5	龙鳞圣珠	0	1	1	0	0
5	龙魄圣珠	0	1	1	0	0
5	幻影斗篷	0	1	1	0	0
5	神秘斗篷	0	1	1	0	0
5	光明披风	0	1	1	0	0
5	霜寒披风	0	1	1	0	0
5	至尊披风	0	1	1	0	0
5	炼狱斗篷	0	1	1	0	0
5	王者披风	0	1	1	0	0
5	龙魂披风	0	1	1	0	0
5	无尽战刃	0	1	1	0	0
5	宗师之力	0	1	1	0	0
5	禁忌之刃	0	1	1	0	0
5	魔龙之刃	0	1	1	0	0
5	追击刀锋	0	1	1	0	0
5	虚灵之刃	0	1	1	0	0
5	御风头冠	0	1	1	0	0
5	王权之冕	0	1	1	0	0
5	幽冥鬼爪	0	1	1	0	0
5	火魔手臂	0	1	1	0	0
5	平衡之钟	0	1	1	0	0
5	星光仙亭	0	1	1	0	0
5	金蟾富贵	0	1	1	0	0
5	封印绿毒	0	1	1	0	0
5	龙魂庇护	0	1	1	0	0
5	伴生龙印	0	1	1	0	0
5	筋斗云	0	1	1	0	0
5	一剪没	0	1	1	0	0
5	星辰莲华	0	1	1	0	0
1	通天魔坠	0	1	1	0	0
5	龙焰宝珠	0	1	1	0	0
5	烈炎金莲	0	1	1	0	0
5	金面咒印	0	1	1	0	0
5	神火鼎炉	0	1	1	0	0
5	炼金师戒指	0	1	1	0	0
5	自然之怒号角	0	1	1	0	0
5	鬼面诅咒	0	1	1	0	0
5	弥勒福印	0	1	1	0	0
5	灵光熔炉	0	1	1	0	0
5	奥义法书	0	1	1	0	0
5	魔龙令	0	1	1	0	0
5	疾风翼器	0	1	1	0	0
5	玄凤器印	0	1	1	0	0
5	星火炉	0	1	1	0	0
5	圣光法珠	0	1	1	0	0
5	玄黄葫芦	0	1	1	0	0
5	罗汉法身	0	1	1	0	0
5	圣者之血	0	1	1	0	0
5	龙鳞血甲	0	1	1	0	0
5	星辰魔力葫	0	1	1	0	0
5	渡劫经筒	0	1	1	0	0
5	神力魔珠	0	1	1	0	0
5	炼魂塔	0	1	1	0	0
5	血魂灵	0	1	1	0	0
5	能量晶石	0	1	1	0	0
5	无字天书	0	1	1	0	0
5	龙脉炉	0	1	1	0	0
5	迷失宝藏	0	1	1	0	0
5	雷霆熔炉	0	1	1	0	0
5	乾坤无极炉	0	1	1	0	0
5	镇封神象	0	1	1	0	0
5	龙泉琼酿	0	1	1	0	0
5	麒麟镇魔	0	1	1	0	0
5	战神雕像	0	1	1	0	0
5	混天仪	0	1	1	0	0
5	金龙壁	0	1	1	0	0
5	星辰珠	0	1	1	0	0
5	草木之灵	0	1	1	0	0
5	魔法笔记	0	1	1	0	0
5	玄奥秘籍	0	1	1	0	0
5	神谕长卷	0	1	1	0	0
5	智慧之光	0	1	1	0	0
5	秘密手卷	0	1	1	0	0
5	古老智慧	0	1	1	0	0
5	悠久传承	0	1	1	0	0
5	知识秘典	0	1	1	0	0
5	星辰圣珠	0	1	1	0	0
5	梦幻明珠	0	1	1	0	0
5	天命圣珠	0	1	1	0	0
5	九天凰珠	0	1	1	0	0
5	真龙之珠	0	1	1	0	0
5	奇迹明珠	0	1	1	0	0
5	星芒勋章	0	1	1	0	0
5	不屈勋章	0	1	1	0	0
5	金玫瑰勋章	0	1	1	0	0
5	荣耀勋章	0	1	1	0	0
5	战神勋章	0	1	1	0	0
5	圣洁勋章	0	1	1	0	0
5	火龙之瞳	0	1	1	0	0
5	火裂珠	0	1	1	0	0
5	无畏战旗	0	1	1	0	0
5	盘龙战鼓	0	1	1	0	0
5	金凤战鼓	0	1	1	0	0
5	龙威如意	0	1	1	0	0
5	神行如意	0	1	1	0	0
5	影月之弓	0	1	1	0	0
5	神圣守护	0	1	1	0	0
5	龙魂守护	0	1	1	0	0
5	古凰神弩	0	1	1	0	0
5	黄金弩	0	1	1	0	0
5	寒梅傲骨扇	0	1	1	0	0
5	强殖兽臂	0	1	1	0	0
5	盘龙神斧	0	1	1	0	0
5	雷霆战斧	0	1	1	0	0
5	狂暴战斧	0	1	1	0	0
5	玄鸟天机伞	0	1	1	0	0
5	天罡守护伞	0	1	1	0	0
5	九天遮蔽伞	0	1	1	0	0
5	熔岩灵石	0	1	1	0	0
5	黄金树	0	1	1	0	0
5	古剑之灵	0	1	1	0	0
5	蝴蝶剑意	0	1	1	0	0
5	重剑无锋	0	1	1	0	0
5	剑开天门	0	1	1	0	0
5	幽冥鬼令	0	1	1	0	0
5	八荒神令	0	1	1	0	0
7	灵器「元灵玉佩」【废弃】	0	1	1	0	0
7	灵器「魔渊玉佩」【废弃】	0	1	1	0	0
7	灵器「仙韵玉佩」【废弃】	0	1	1	0	0
7	灵器「星海玉佩」【废弃】	0	1	1	0	0
7	灵器「幻梦玉佩」【废弃】	0	1	1	0	0
7	灵器「灵翼玉佩」【废弃】	0	1	1	0	0
7	灵器「九天玉佩」【废弃】	0	1	1	0	0
7	灵器「水月玉佩」【废弃】	0	1	1	0	0
7	灵器「飞龙玉佩」【废弃】	0	1	1	0	0
7	灵器「霞光玉佩」【废弃】	0	1	1	0	0
1	暗夜城信物	0	1	1	0	0
1	绿髓玉佩	0	1	1	0	0
1	魔渊玉佩	0	1	1	0	0
1	仙韵玉佩	0	1	1	0	0
1	星海玉佩	0	1	1	0	0
1	幻梦玉佩	0	1	1	0	0
1	灵翼玉佩	0	1	1	0	0
1	九天玉佩	0	1	1	0	0
1	水月玉佩	0	1	1	0	0
1	飞龙玉佩	0	1	1	0	0
1	霞光玉佩	0	1	1	0	0
7	魔环之器	0	1	1	0	0
7	黑暗环形	0	1	1	0	0
7	深渊之环	0	1	1	0	0
7	灵魂环链	0	1	1	0	0
7	幽冥战环	0	1	1	0	0
7	邪恶破环	0	1	1	0	0
7	噬魂环戒	0	1	1	0	0
7	光明护环	0	1	1	0	0
7	毁灭之环	0	1	1	0	0
7	神秘回环	0	1	1	0	0
7	灵魂束环	0	1	1	0	0
7	火炼魔环	0	1	1	0	0
1	圣灵之印【废弃】	0	1	1	0	0
1	命运印记【废弃】	0	1	1	0	0
1	神秘徽印【废弃】	0	1	1	0	0
1	魔法之印【废弃】	0	1	1	0	0
1	灵魂咒印【废弃】	0	1	1	0	0
1	幻影印象【废弃】	0	1	1	0	0
1	血腥烙印【废弃】	0	1	1	0	0
1	神祗之印【废弃】	0	1	1	0	0
1	暗影咒印【废弃】	0	1	1	0	0
1	玄天印【废弃】	0	1	1	0	0
7	战灵法相.Lv1	0	1	1	0	0
7	战灵法相.Lv2	0	1	1	0	0
7	战灵法相.Lv3	0	1	1	0	0
7	战灵法相.Lv4	0	1	1	0	0
7	战灵法相.Lv5	0	1	1	0	0
7	战灵法相.Lv6	0	1	1	0	0
7	战灵法相.Lv7	0	1	1	0	0
7	战灵法相.Lv8	0	1	1	0	0
7	战灵法相.Lv9	0	1	1	0	0
7	战灵法相.Lv10	0	1	1	0	0
7	战灵法相.Lv11	0	1	1	0	0
7	战灵法相.Lv12	0	1	1	0	0
7	战灵法相.Lv13	0	1	1	0	0
7	战灵法相.Lv14	0	1	1	0	0
7	战灵法相.Lv15	0	1	1	0	0
7	战灵法相.Lv16	0	1	1	0	0
7	战灵法相.Lv17	0	1	1	0	0
7	战灵法相.Lv18	0	1	1	0	0
7	战灵法相.Lv19	0	1	1	0	0
7	战灵法相.Lv20	0	1	1	0	0
7	战灵法相.Lv21	0	1	1	0	0
7	战灵法相.Lv22	0	1	1	0	0
7	战灵法相.Lv23	0	1	1	0	0
7	战灵法相.Lv24	0	1	1	0	0
7	战灵法相.Lv25	0	1	1	0	0
7	战灵法相.Lv26	0	1	1	0	0
7	战灵法相.Lv27	0	1	1	0	0
7	战灵法相.Lv28	0	1	1	0	0
7	战灵法相.Lv29	0	1	1	0	0
7	战灵法相.Lv30	0	1	1	0	0
7	战灵法相.Lv31	0	1	1	0	0
7	战灵法相.Lv32	0	1	1	0	0
7	战灵法相.Lv33	0	1	1	0	0
7	战灵法相.Lv34	0	1	1	0	0
7	战灵法相.Lv35	0	1	1	0	0
7	战灵法相.Lv36	0	1	1	0	0
7	战灵法相.Lv37	0	1	1	0	0
7	战灵法相.Lv38	0	1	1	0	0
7	战灵法相.Lv39	0	1	1	0	0
7	战灵法相.Lv40	0	1	1	0	0
7	战灵法相.Lv41	0	1	1	0	0
7	战灵法相.Lv42	0	1	1	0	0
7	战灵法相.Lv43	0	1	1	0	0
7	战灵法相.Lv44	0	1	1	0	0
7	战灵法相.Lv45	0	1	1	0	0
7	战灵法相.Lv46	0	1	1	0	0
7	战灵法相.Lv47	0	1	1	0	0
7	战灵法相.Lv48	0	1	1	0	0
7	战灵法相.Lv49	0	1	1	0	0
7	战灵法相.Lv50	0	1	1	0	0
1	城主装备胚胎	0	1	1	0	0
1	盾牌边角料【骷髅矿区】	0	1	1	0	0
1	盾牌边角料【僵尸矿区】	0	1	1	0	0
1	盾牌边角料【蜈蚣洞】	0	1	1	0	0
1	盾牌边角料【猪洞】	0	1	1	0	0
1	骷髅的手骨【作废】	0	1	1	0	0
1	〓〓〓〓〓BOSS元核〓〓〓〓〓	0	1	1	0	0
1	尸王的元核	0	1	1	0	0
1	骷髅王的元核	0	1	1	0	0
1	触龙神的元核	0	1	1	0	0
1	猪皇的元核	0	1	1	0	0
1	沃玛教主的元核	0	1	1	0	0
1	祖玛教主的元核	0	1	1	0	0
1	黄泉教主的元核	0	1	1	0	0
1	恶魔之主的元核	0	1	1	0	0
1	铁甲蚁的元核	0	1	1	0	0
1	灵地守护者的元核	0	1	1	0	0
1	血腥魔神的元核	0	1	1	0	0
1	赤月邪魔的元核	0	1	1	0	0
1	嗜血黄泉的元核	0	1	1	0	0
1	巨斧牛魔的元核	0	1	1	0	0
1	金岩魔的元核	0	1	1	0	0
1	嗜血虹魔的元核	0	1	1	0	0
1	魔火龙的元核	0	1	1	0	0
1	地底石魔的元核	0	1	1	0	0
1	魔化血魔的元核	0	1	1	0	0
1	火龙神的元核	0	1	1	0	0
1	雪域魔王的元核	0	1	1	0	0
1	禁锢冰龙神的元核	0	1	1	0	0
1	九尾妖狐的元核	0	1	1	0	0
1	金兽神的元核	0	1	1	0	0
1	精绝国王的元核	0	1	1	0	0
1	焚燃战神的元核	0	1	1	0	0
1	岩浆力魔的元核	0	1	1	0	0
1	血海石魔的元核	0	1	1	0	0
1	冥府军主的元核	0	1	1	0	0
1	炼狱之主的元核	0	1	1	0	0
1	瘟疫蛟王的元核	0	1	1	0	0
1	暗黑之主的元核	0	1	1	0	0
1	杀戮人王的元核	0	1	1	0	0
1	暴风之子的元核	0	1	1	0	0
1	地底蛇僧的元核	0	1	1	0	0
1	上古魔神的元核	0	1	1	0	0
1	荒漠石魔的元核	0	1	1	0	0
1	熔岩金纹兽的元核	0	1	1	0	0
1	孤城野主的元核	0	1	1	0	0
1	深渊紫鳞兽的元核	0	1	1	0	0
1	〓〓〓〓〓残破法宝〓〓〓〓〓	0	1	1	0	0
5	盘龙之戒【残破】	0	1	1	0	0
5	翠林之心【残破】	0	1	1	0	0
5	九转紫葫【残破】	0	1	1	0	0
5	木曜之心【残破】	0	1	1	0	0
5	碧空神镜【残破】	0	1	1	0	0
5	熔岩之珠【残破】	0	1	1	0	0
5	钢蛟守护【残破】	0	1	1	0	0
5	凰之玄晶【残破】	0	1	1	0	0
5	双龙圣炉【残破】	0	1	1	0	0
5	森林之心【残破】	0	1	1	0	0
5	不朽之铠【残破】	0	1	1	0	0
5	恶魔铃铛【残破】	0	1	1	0	0
5	龙之血【残破】	0	1	1	0	0
5	金禅魔钟【残破】	0	1	1	0	0
5	血镰之舞【残破】	0	1	1	0	0
5	星辰塔【残破】	0	1	1	0	0
5	金雷经筒【残破】	0	1	1	0	0
5	清泉宝瓶【残破】	0	1	1	0	0
5	天魔琴【残破】	0	1	1	0	0
5	神金戟【残破】	0	1	1	0	0
5	剔魔骨【残破】	0	1	1	0	0
5	锁魂幡【残破】	0	1	1	0	0
5	麒麟臂【残破】	0	1	1	0	0
5	神眸之瞳【残破】	0	1	1	0	0
5	圣光莲塔【残破】	0	1	1	0	0
5	星辰秘典【残破】	0	1	1	0	0
5	如意葫芦【残破】	0	1	1	0	0
5	能量本源【残破】	0	1	1	0	0
5	干将莫邪剑【残破】	0	1	1	0	0
5	魔凝黑珠【残破】	0	1	1	0	0
5	圣光面具【残破】	0	1	1	0	0
5	金之灵币【残破】	0	1	1	0	0
5	太极本源【残破】	0	1	1	0	0
5	阴阳鱼【残破】	0	1	1	0	0
5	月光宝盒【残破】	0	1	1	0	0
5	圣地之心【残破】	0	1	1	0	0
5	时间水晶【残破】	0	1	1	0	0
5	海洋之心【残破】	0	1	1	0	0
5	封印天书【残破】	0	1	1	0	0
5	赤阳之箭【残破】	0	1	1	0	0
5	九曜剑鞘【残破】	0	1	1	0	0
5	噬魂魔铃【残破】	0	1	1	0	0
5	不死鸟甲【残破】	0	1	1	0	0
5	魔面金鞍【残破】	0	1	1	0	0
5	毅和神像【残破】	0	1	1	0	0
5	炎帝面罩【残破】	0	1	1	0	0
5	恶魔之力【残破】	0	1	1	0	0
5	离火珠【残破】	0	1	1	0	0
5	招魂莲灯【残破】	0	1	1	0	0
5	振奋号角【残破】	0	1	1	0	0
5	雷电之锤【残破】	0	1	1	0	0
5	混元紫珠【残破】	0	1	1	0	0
5	凤凰琴【残破】	0	1	1	0	0
5	朝仙图【残破】	0	1	1	0	0
5	炎焰火种【残破】	0	1	1	0	0
5	离火面具【残破】	0	1	1	0	0
5	魔龙鼎【残破】	0	1	1	0	0
5	怀罪之匕【残破】	0	1	1	0	0
5	金龙针【残破】	0	1	1	0	0
5	紫金葫芦【残破】	0	1	1	0	0
5	锁妖碑【残破】	0	1	1	0	0
5	冰银环【残破】	0	1	1	0	0
5	双龙锥【残破】	0	1	1	0	0
5	炎狱帆【残破】	0	1	1	0	0
5	药王鼎【残破】	0	1	1	0	0
5	仙法本源【残破】	0	1	1	0	0
5	乾坤圈【残破】	0	1	1	0	0
5	亡国玉玺【残破】	0	1	1	0	0
5	双龙戏珠【残破】	0	1	1	0	0
5	焰之守护【残破】	0	1	1	0	0
5	炎魔之力【残破】	0	1	1	0	0
5	寒冰之眼【残破】	0	1	1	0	0
5	幽莲魂灯【残破】	0	1	1	0	0
5	星锥之轮【残破】	0	1	1	0	0
5	血晶【残破】	0	1	1	0	0
5	绿晶【残破】	0	1	1	0	0
5	玄黄晶【残破】	0	1	1	0	0
5	冰之晶【残破】	0	1	1	0	0
5	火之灵【残破】	0	1	1	0	0
5	石之眼【残破】	0	1	1	0	0
5	火龙珠【残破】	0	1	1	0	0
5	龙眼黄晶【残破】	0	1	1	0	0
5	蛇王台【残破】	0	1	1	0	0
5	恶魔之翼【残破】	0	1	1	0	0
5	日精月华【残破】	0	1	1	0	0
5	灵动风翼【残破】	0	1	1	0	0
5	八荒枪灵【残破】	0	1	1	0	0
5	九天剑意【残破】	0	1	1	0	0
5	混元金翼【残破】	0	1	1	0	0
5	黑凰珠【残破】	0	1	1	0	0
5	镇魂塔【残破】	0	1	1	0	0
5	冰霜环【残破】	0	1	1	0	0
5	翼龙珠【残破】	0	1	1	0	0
5	炽阳灯【残破】	0	1	1	0	0
5	金塔【残破】	0	1	1	0	0
5	玲珑珠【残破】	0	1	1	0	0
5	灵铃【残破】	0	1	1	0	0
5	寒冰龙眼【残破】	0	1	1	0	0
5	冰封魔珠【残破】	0	1	1	0	0
5	双鱼神珠【残破】	0	1	1	0	0
5	冰心圣珠【残破】	0	1	1	0	0
5	星辰灵珠【残破】	0	1	1	0	0
5	盘龙幻镜【残破】	0	1	1	0	0
5	瑞气鼎【残破】	0	1	1	0	0
5	炎黄鼎【残破】	0	1	1	0	0
5	天罡鼎【残破】	0	1	1	0	0
5	火龙头颅【残破】	0	1	1	0	0
5	魔龙头颅【残破】	0	1	1	0	0
5	宝莲灯【残破】	0	1	1	0	0
5	王者镖旗【残破】	0	1	1	0	0
5	招魂风筝【残破】	0	1	1	0	0
5	天书圣典【残破】	0	1	1	0	0
5	书道之魂【残破】	0	1	1	0	0
5	天命秘笈【残破】	0	1	1	0	0
5	神光经书【残破】	0	1	1	0	0
5	瑞玉仙佩(弃用)	0	1	1	0	0
5	玉龙宝佩(弃用)	0	1	1	0	0
5	玉蝶灵佩(弃用)	0	1	1	0	0
5	青玉护佑(弃用)	0	1	1	0	0
5	玉琼仙佩(弃用)	0	1	1	0	0
5	玉凰宝坠(弃用)	0	1	1	0	0
5	圣莲玉佩(弃用)	0	1	1	0	0
5	龙血魔佩(弃用)	0	1	1	0	0
5	青龙法佩(弃用)	0	1	1	0	0
5	龙皇玉佩(弃用)	0	1	1	0	0
5	冷月冰魄【残破】	0	1	1	0	0
5	瑶光神珠【残破】	0	1	1	0	0
5	青面兽璧【残破】	0	1	1	0	0
5	璀璨明珠【残破】	0	1	1	0	0
5	琉璃灵珠【残破】	0	1	1	0	0
5	璞玉灵宝【残破】	0	1	1	0	0
5	童心未泯【残破】	0	1	1	0	0
5	书生意气【残破】	0	1	1	0	0
5	龙鸣仙胡【残破】	0	1	1	0	0
5	恶魔之盾【残破】	0	1	1	0	0
5	魔影雷镖【残破】	0	1	1	0	0
5	陪葬玉鱼【残破】	0	1	1	0	0
5	冰封秘典【残破】	0	1	1	0	0
5	风之童趣【残破】	0	1	1	0	0
5	梦幻飞翼【残破】	0	1	1	0	0
5	火焰烈翼【残破】	0	1	1	0	0
5	珠海琼宝【残破】	0	1	1	0	0
5	不屈战意【残破】	0	1	1	0	0
5	极寒风暴【残破】	0	1	1	0	0
5	魔龙之牙【残破】	0	1	1	0	0
5	怒火狂风【残破】	0	1	1	0	0
5	不祥征兆【残破】	0	1	1	0	0
5	幽冥守护【残破】	0	1	1	0	0
5	不朽之盾【残破】	0	1	1	0	0
5	永恒之盾【残破】	0	1	1	0	0
5	花仙祝福【残破】	0	1	1	0	0
5	贤者庇护【残破】	0	1	1	0	0
5	弑君之力【残破】	0	1	1	0	0
5	屠魔之力【残破】	0	1	1	0	0
5	黑暗遗志【残破】	0	1	1	0	0
5	骷髅之力【残破】	0	1	1	0	0
5	幽梦之灵【残破】	0	1	1	0	0
5	星辰坠【残破】	0	1	1	0	0
5	金之辉耀【残破】	0	1	1	0	0
5	霸者重臂【残破】	0	1	1	0	0
5	魔女之怒【残破】	0	1	1	0	0
5	狂暴之盾【残破】	0	1	1	0	0
5	黑曜之魂【残破】	0	1	1	0	0
5	邪恶灵魂【残破】	0	1	1	0	0
5	恶魔之眼【残破】	0	1	1	0	0
5	炼金护符【残破】	0	1	1	0	0
5	森罗密令【残破】	0	1	1	0	0
5	巨人之握【残破】	0	1	1	0	0
5	紫幽魔扇【残破】	0	1	1	0	0
5	雷电镖【残破】	0	1	1	0	0
5	金耀防护【残破】	0	1	1	0	0
5	摄魂神像(弃用)	0	1	1	0	0
5	魔首颅骨【残破】	0	1	1	0	0
5	恶魔之首【残破】	0	1	1	0	0
5	诅咒头骨【残破】	0	1	1	0	0
5	厄运神像【残破】	0	1	1	0	0
5	噬魂骷髅【残破】	0	1	1	0	0
5	龙魂之珠【残破】	0	1	1	0	0
5	龙威宝珠【残破】	0	1	1	0	0
5	龙皇神珠【残破】	0	1	1	0	0
5	龙息宝石【残破】	0	1	1	0	0
5	龙纹灵珠【残破】	0	1	1	0	0
5	龙神圣珠【残破】	0	1	1	0	0
5	龙吟天珠【残破】	0	1	1	0	0
5	龙鳞圣珠【残破】	0	1	1	0	0
5	龙魄圣珠【残破】	0	1	1	0	0
5	幻影斗篷【残破】	0	1	1	0	0
5	神秘斗篷【残破】	0	1	1	0	0
5	光明披风【残破】	0	1	1	0	0
5	霜寒披风【残破】	0	1	1	0	0
5	至尊披风【残破】	0	1	1	0	0
5	炼狱斗篷【残破】	0	1	1	0	0
5	王者披风【残破】	0	1	1	0	0
5	龙魂披风【残破】	0	1	1	0	0
5	无尽战刃【残破】	0	1	1	0	0
5	宗师之力【残破】	0	1	1	0	0
5	禁忌之刃【残破】	0	1	1	0	0
5	魔龙之刃【残破】	0	1	1	0	0
5	追击刀锋【残破】	0	1	1	0	0
5	虚灵之刃【残破】	0	1	1	0	0
5	御风头冠【残破】	0	1	1	0	0
5	王权之冕【残破】	0	1	1	0	0
5	幽冥鬼爪【残破】	0	1	1	0	0
5	火魔手臂【残破】	0	1	1	0	0
5	平衡之钟【残破】	0	1	1	0	0
5	星光仙亭【残破】	0	1	1	0	0
5	金蟾富贵【残破】	0	1	1	0	0
5	封印绿毒【残破】	0	1	1	0	0
5	龙魂庇护【残破】	0	1	1	0	0
5	伴生龙印【残破】	0	1	1	0	0
5	筋斗云【残破】	0	1	1	0	0
5	一剪没【残破】	0	1	1	0	0
5	星辰莲华【残破】	0	1	1	0	0
5	堕落之角【残破】	0	1	1	0	0
5	龙焰宝珠【残破】	0	1	1	0	0
5	烈炎金莲【残破】	0	1	1	0	0
5	金面咒印【残破】	0	1	1	0	0
5	神火鼎炉【残破】	0	1	1	0	0
5	炼金师戒指【残破】	0	1	1	0	0
5	自然之怒号角【残破】	0	1	1	0	0
5	鬼面诅咒【残破】	0	1	1	0	0
5	弥勒福印【残破】	0	1	1	0	0
5	灵光熔炉【残破】	0	1	1	0	0
5	奥义法书【残破】	0	1	1	0	0
5	魔龙令【残破】	0	1	1	0	0
5	疾风翼器【残破】	0	1	1	0	0
5	玄凤器印【残破】	0	1	1	0	0
5	星火炉【残破】	0	1	1	0	0
5	圣光法珠【残破】	0	1	1	0	0
5	玄黄葫芦【残破】	0	1	1	0	0
5	罗汉法身【残破】	0	1	1	0	0
5	圣者之血【残破】	0	1	1	0	0
5	龙鳞血甲【残破】	0	1	1	0	0
5	星辰魔力葫【残破】	0	1	1	0	0
5	渡劫经筒【残破】	0	1	1	0	0
5	神力魔珠【残破】	0	1	1	0	0
5	炼魂塔【残破】	0	1	1	0	0
5	血魂灵【残破】	0	1	1	0	0
5	能量晶石【残破】	0	1	1	0	0
5	无字天书【残破】	0	1	1	0	0
5	龙脉炉【残破】	0	1	1	0	0
5	迷失宝藏【残破】	0	1	1	0	0
5	雷霆熔炉【残破】	0	1	1	0	0
5	乾坤无极炉【残破】	0	1	1	0	0
5	镇封神象【残破】	0	1	1	0	0
5	龙泉琼酿【残破】	0	1	1	0	0
5	麒麟镇魔【残破】	0	1	1	0	0
5	战神雕像【残破】	0	1	1	0	0
5	混天仪【残破】	0	1	1	0	0
5	金龙壁【残破】	0	1	1	0	0
5	星辰珠【残破】	0	1	1	0	0
5	草木之灵【残破】	0	1	1	0	0
5	魔法笔记【残破】	0	1	1	0	0
5	玄奥秘籍【残破】	0	1	1	0	0
5	神谕长卷【残破】	0	1	1	0	0
5	智慧之光【残破】	0	1	1	0	0
5	秘密手卷【残破】	0	1	1	0	0
5	古老智慧【残破】	0	1	1	0	0
5	悠久传承【残破】	0	1	1	0	0
5	知识秘典【残破】	0	1	1	0	0
5	星辰圣珠【残破】	0	1	1	0	0
5	梦幻明珠【残破】	0	1	1	0	0
5	天命圣珠【残破】	0	1	1	0	0
5	九天凰珠【残破】	0	1	1	0	0
5	真龙之珠【残破】	0	1	1	0	0
5	奇迹明珠【残破】	0	1	1	0	0
5	星芒勋章【残破】	0	1	1	0	0
5	不屈勋章【残破】	0	1	1	0	0
5	金玫瑰勋章【残破】	0	1	1	0	0
5	荣耀勋章【残破】	0	1	1	0	0
5	战神勋章【残破】	0	1	1	0	0
5	圣洁勋章【残破】	0	1	1	0	0
5	火龙之瞳【残破】	0	1	1	0	0
5	火裂珠【残破】	0	1	1	0	0
5	无畏战旗【残破】	0	1	1	0	0
5	盘龙战鼓【残破】	0	1	1	0	0
5	金凤战鼓【残破】	0	1	1	0	0
5	龙威如意【残破】	0	1	1	0	0
5	神行如意【残破】	0	1	1	0	0
5	影月之弓【残破】	0	1	1	0	0
5	神圣守护【残破】	0	1	1	0	0
5	龙魂守护【残破】	0	1	1	0	0
5	古凰神弩【残破】	0	1	1	0	0
5	黄金弩【残破】	0	1	1	0	0
5	寒梅傲骨扇【残破】	0	1	1	0	0
5	强殖兽臂【残破】	0	1	1	0	0
5	盘龙神斧【残破】	0	1	1	0	0
5	雷霆战斧【残破】	0	1	1	0	0
5	狂暴战斧【残破】	0	1	1	0	0
5	玄鸟天机伞【残破】	0	1	1	0	0
5	天罡守护伞【残破】	0	1	1	0	0
5	九天遮蔽伞【残破】	0	1	1	0	0
5	熔岩灵石【残破】	0	1	1	0	0
5	黄金树【残破】	0	1	1	0	0
5	古剑之灵【残破】	0	1	1	0	0
5	蝴蝶剑意【残破】	0	1	1	0	0
5	重剑无锋【残破】	0	1	1	0	0
5	剑开天门【残破】	0	1	1	0	0
5	幽冥鬼令【残破】	0	1	1	0	0
5	八荒神令【残破】	0	1	1	0	0
2	〓〓〓〓炼丹珍贵材料〓〓〓〓	0	1	1	0	0
1	天残藤【废弃】	0	1	1	0	0
1	天心草【废弃】	0	1	1	0	0
1	龙皇草【废弃】	0	1	1	0	0
1	幽兰香【废弃】	0	1	1	0	0
1	龙胆花【废弃】	0	1	1	0	0
1	凰火木【废弃】	0	1	1	0	0
1	月华草【废弃】	0	1	1	0	0
1	还魂草【废弃】	0	1	1	0	0
1	天龙葵【废弃】	0	1	1	0	0
1	火麟枝【废弃】	0	1	1	0	0
1	夜光虫草【废弃】	0	1	1	0	0
1	天蝎花【废弃】	0	1	1	0	0
1	金佛花【废弃】	0	1	1	0	0
1	千年灵芝【废弃】	0	1	1	0	0
1	凝血草【废弃】	0	1	1	0	0
1	尸虫花【废弃】	0	1	1	0	0
1	血晶藤【废弃】	0	1	1	0	0
1	八瓣仙兰【废弃】	0	1	1	0	0
1	朱砂莲【废弃】	0	1	1	0	0
1	白玉莲【废弃】	0	1	1	0	0
1	五星叶【废弃】	0	1	1	0	0
1	紫叶兰草【废弃】	0	1	1	0	0
1	强化苹果	0	1	1	0	0
1	魔法香蕉	0	1	1	0	0
1	快乐葡萄	0	1	1	0	0
1	神秘果实	0	1	1	0	0
1	大西瓜	0	1	1	0	0
1	火焰石	0	1	1	0	0
1	龙鳞石	0	1	1	0	0
1	夜空石	0	1	1	0	0
1	光芒石	0	1	1	0	0
1	风暴珠	0	1	1	0	0
1	荧光石	0	1	1	0	0
1	神奇苹果【废弃】	0	1	1	0	0
1	灵感柠檬【废弃】	0	1	1	0	0
1	天使莓果【废弃】	0	1	1	0	0
1	黄金梨【废弃】	0	1	1	0	0
1	闪电草莓【废弃】	0	1	1	0	0
1	奇迹香蕉【废弃】	0	1	1	0	0
1	神圣橙子【废弃】	0	1	1	0	0
1	魔法樱桃【废弃】	0	1	1	0	0
1	时空苹果【废弃】	0	1	1	0	0
1	星辰精华	0	1	1	0	0
1	星辰灵丹【被用】	0	1	1	0	0
1	混沌之石	0	1	1	0	0
1	奥术晶核	0	1	1	0	0
1	嗜血宝石	0	1	1	0	0
1	青龙血液	0	1	1	0	0
1	星辰冰晶	0	1	1	0	0
1	〓〓〓〓丹药〓〓〓〓	0	1	1	0	0
1	天殇丹	0	1	1	0	0
1	抗毒丹【未用】	0	1	1	0	0
2	雪霜丹	0	1	1	0	0
1	青魂丹	0	1	1	0	0
1	金刚丹	0	1	1	0	0
1	幻境丹	0	1	1	0	0
1	火龙丹	0	1	1	0	0
1	星辉丹	0	1	1	0	0
1	神圣药水	0	1	1	0	0
1	灵魂丹	0	1	1	0	0
1	飞行丸	0	1	1	0	0
1	无极丹	0	1	1	0	0
1	清思丹	0	1	1	0	0
1	天眼丹	0	1	1	0	0
1	活力丹	0	1	1	0	0
1	寒冰丸	0	1	1	0	0
1	灵骨丸	0	1	1	0	0
1	铁血丸	0	1	1	0	0
2	百年陈酿	0	1	1	0	0
2	滋补仙汤	0	1	1	0	0
1	功力丸子	0	1	1	0	0
1	千年琼浆	0	1	1	0	0
1	迷幻糖【未用】	0	1	1	0	0
1	忘忧糖【未用】	0	1	1	0	0
1	紫电淬体丸【未用】	0	1	1	0	0
1	逍遥长生丹【未用】	0	1	1	0	0
1	风雷化灵丸【未用】	0	1	1	0	0
1	觉醒药水	0	1	1	0	0
2	〓〓〓〓生活物资〓〓〓〓	0	1	1	0	0
1	能量红牛	0	1	1	0	0
1	快乐水	0	1	1	0	0
1	白莎烟	0	1	1	0	0
1	幸运咖啡	0	1	1	0	0
1	红双喜	0	1	1	0	0
1	芙蓉王	0	1	1	0	0
1	玉玺烟	0	1	1	0	0
1	魅力红茶	0	1	1	0	0
1	中华烟	0	1	1	0	0
2	〓〓〓〓盾牌碎片〓〓〓〓	0	1	1	0	0
1	木质盾牌碎片【骷髅矿区】	0	1	1	0	0
1	木质盾牌碎片【僵尸矿区】	0	1	1	0	0
1	木质盾牌碎片【蜈蚣洞】	0	1	1	0	0
1	木质盾牌碎片【猪洞】	0	1	1	0	0
1	白坚木盾碎片【沃玛寺庙】	0	1	1	0	0
1	白坚木盾碎片【祖玛秘境】	0	1	1	0	0
1	白坚木盾碎片【骨魔洞】	0	1	1	0	0
1	白坚木盾碎片【恶魔营地】	0	1	1	0	0
1	青铜战盾碎片【蚂蚁洞】	0	1	1	0	0
1	青铜战盾碎片【精灵谷】	0	1	1	0	0
1	青铜战盾碎片【黑暗魔殿】	0	1	1	0	0
1	青铜战盾碎片【赤月峡谷】	0	1	1	0	0
1	阿尔戈斯盾碎片【封魔古刹】	0	1	1	0	0
1	阿尔戈斯盾碎片【牛魔寺庙】	0	1	1	0	0
1	阿尔戈斯盾碎片【魔毒蚀地】	0	1	1	0	0
1	阿尔戈斯盾碎片【封魔宫】	0	1	1	0	0
1	大地守护碎片【魔龙峡谷】	0	1	1	0	0
1	大地守护碎片【幽暗地底】	0	1	1	0	0
1	大地守护碎片【魔化工厂】	0	1	1	0	0
1	大地守护碎片【火龙地洞】	0	1	1	0	0
1	紫晶神盾碎片【雪城旧址】	0	1	1	0	0
1	紫晶神盾碎片【冰晶宫】	0	1	1	0	0
1	紫晶神盾碎片【沼泽秘境】	0	1	1	0	0
1	紫晶神盾碎片【万劫地宫】	0	1	1	0	0
1	火焱金盾碎片【精绝古墓】	0	1	1	0	0
1	火焱金盾碎片【焚燃之地】	0	1	1	0	0
1	火焱金盾碎片【岩浆地宫】	0	1	1	0	0
1	火焱金盾碎片【血海魔宫】	0	1	1	0	0
1	冰晶炎盾碎片【炼狱之路】	0	1	1	0	0
1	冰晶炎盾碎片【冥府之路】	0	1	1	0	0
1	冰晶炎盾碎片【瘟疫之地】	0	1	1	0	0
1	冰晶炎盾碎片【暗黑之地】	0	1	1	0	0
1	防御之盾碎片【杀戮战场】	0	1	1	0	0
1	防御之盾碎片【暴风金墓】	0	1	1	0	0
1	防御之盾碎片【地底晶矿】	0	1	1	0	0
1	防御之盾碎片【上古遗迹】	0	1	1	0	0
1	烈焰神盾碎片【荒漠遗迹】	0	1	1	0	0
1	烈焰神盾碎片【熔岩密境】	0	1	1	0	0
1	烈焰神盾碎片【沙漠孤城】	0	1	1	0	0
1	烈焰神盾碎片【深渊秘道】	0	1	1	0	0
2	〓〓〓〓城主专属信物〓〓〓〓	0	1	1	0	0
1	暗夜城主信物	0	1	1	0	0
1	天威城主信物	0	1	1	0	0
1	曙光城主信物	0	1	1	0	0
1	归隐城主信物	0	1	1	0	0
1	龙祖城主信物	0	1	1	0	0
1	冰雪城主信物	0	1	1	0	0
1	兰陵城主信物	0	1	1	0	0
1	冰火城主信物	0	1	1	0	0
1	暴风城主信物	0	1	1	0	0
1	荒漠城主信物	0	1	1	0	0
2	〓〓〓〓专属材料〓〓〓〓	0	1	1	0	0
1	骷髅手骨	0	1	1	0	0
1	野猪腿肉	0	1	1	0	0
1	僵尸心脏	0	1	1	0	0
1	蜈蚣毒刺	0	1	1	0	0
1	沃玛睾丸	0	1	1	0	0
1	祖玛脊椎	0	1	1	0	0
1	骨魔心口肉	0	1	1	0	0
1	恶魔舍利	0	1	1	0	0
1	蚂蚁幼卵	0	1	1	0	0
1	精灵胸毛	0	1	1	0	0
1	人魔眼球	0	1	1	0	0
1	蜘蛛丝网	0	1	1	0	0
1	女巫经块	0	1	1	0	0
1	牛魔尾巴	0	1	1	0	0
1	腐毒虫仔	0	1	1	0	0
1	虹魔之角	0	1	1	0	0
1	魔龙獠牙	0	1	1	0	0
1	毒物残肢	0	1	1	0	0
1	锋利断敖	0	1	1	0	0
1	火龙之翼	0	1	1	0	0
1	冰龙鳞甲	0	1	1	0	0
1	封印海螺	0	1	1	0	0
1	妖狐颅骨	0	1	1	0	0
1	地宫残魂	0	1	1	0	0
1	古墓残骨	0	1	1	0	0
1	石魔之眼	0	1	1	0	0
1	岩火浸叶	0	1	1	0	0
1	血炼獠牙	0	1	1	0	0
1	铁化龟甲	0	1	1	0	0
1	冥界白莲	0	1	1	0	0
1	白蛇之卵	0	1	1	0	0
1	龙纹血珠	0	1	1	0	0
1	戮杀血石	0	1	1	0	0
1	墓凰金喙	0	1	1	0	0
1	金蛇缠石	0	1	1	0	0
1	不死古心	0	1	1	0	0
1	荒漠凝露	0	1	1	0	0
1	秘境灵颅	0	1	1	0	0
1	天使残羽	0	1	1	0	0
1	深渊血牙	0	1	1	0	0
2	〓〓〓〓大陆传送卷〓〓〓〓	0	1	1	0	0
1	传送卷轴	0	1	1	0	0
1	一大陆时空卷轴	0	1	1	0	0
1	二大陆时空卷轴	0	1	1	0	0
1	三大陆时空卷轴	0	1	1	0	0
1	四大陆时空卷轴	0	1	1	0	0
1	五大陆时空卷轴	0	1	1	0	0
1	六大陆时空卷轴	0	1	1	0	0
1	七大陆时空卷轴	0	1	1	0	0
1	八大陆时空卷轴	0	1	1	0	0
1	九大陆时空卷轴	0	1	1	0	0
1	十大陆时空卷轴	0	1	1	0	0
2	〓〓〓〓炼丹师基础草药10个〓〓〓〓	0	1	1	0	0
1	红地衣	0	1	1	0	0
1	将枯草	0	1	1	0	0
1	天麻叶	0	1	1	0	0
1	无根花	0	1	1	0	0
1	血玉果	0	1	1	0	0
1	向阳花	0	1	1	0	0
1	沉香木	0	1	1	0	0
1	须白眉	0	1	1	0	0
1	致幻蘑菇	0	1	1	0	0
1	紫幽花	0	1	1	0	0
2	〓〓〓〓炼丹珍贵材料42个〓〓〓〓	0	1	1	0	0
1	天残藤	0	1	1	0	0
1	天心草	0	1	1	0	0
1	龙皇草	0	1	1	0	0
1	幽兰香	0	1	1	0	0
1	龙胆花	0	1	1	0	0
1	凰火木	0	1	1	0	0
1	月华草	0	1	1	0	0
1	还魂草	0	1	1	0	0
1	天龙葵	0	1	1	0	0
1	火麟枝	0	1	1	0	0
1	夜光虫草	0	1	1	0	0
1	天蝎花	0	1	1	0	0
1	金佛花	0	1	1	0	0
1	千年灵芝	0	1	1	0	0
1	凝血草	0	1	1	0	0
1	尸虫花	0	1	1	0	0
1	血晶藤	0	1	1	0	0
1	八瓣仙兰	0	1	1	0	0
1	朱砂莲	0	1	1	0	0
1	白玉莲	0	1	1	0	0
1	五星叶	0	1	1	0	0
1	紫叶兰草	0	1	1	0	0
1	风雷掌	0	1	1	0	0
1	紫荧菇	0	1	1	0	0
1	静谧苔	0	1	1	0	0
1	绿玉竹	0	1	1	0	0
1	梦境果	0	1	1	0	0
1	魔灵果	0	1	1	0	0
1	魔芋藤	0	1	1	0	0
1	神木	0	1	1	0	0
1	萝莉藤	0	1	1	0	0
1	天仙花	0	1	1	0	0
1	心灵花	0	1	1	0	0
1	幸运花	0	1	1	0	0
1	血树瘤	0	1	1	0	0
1	神木癣	0	1	1	0	0
1	龙葵花	0	1	1	0	0
1	笋玉灵	0	1	1	0	0
1	恶魔果实	0	1	1	0	0
1	荷菊共生体	0	1	1	0	0
1	紫灵花	0	1	1	0	0
1	石卵	0	1	1	0	0
2	〓〓〓〓炼丹稀有材料10个〓〓〓〓	0	1	1	0	0
1	九天灵果	0	1	1	0	0
1	月影菇	0	1	1	0	0
1	冥花	0	1	1	0	0
1	火龙叶	0	1	1	0	0
1	紫影果	0	1	1	0	0
1	树怀晶	0	1	1	0	0
1	雷击木	0	1	1	0	0
1	世界菌核	0	1	1	0	0
1	花母之灵	0	1	1	0	0
1	星光叶	0	1	1	0	0
2	〓〓〓〓城主神器〓〓〓〓	0	1	1	0	0
1	城主神器【暗夜城】	0	1	1	0	0
1	城主神器【天威城】	0	1	1	0	0
1	城主神器【曙光城】	0	1	1	0	0
1	城主神器【归隐城】	0	1	1	0	0
1	城主神器【龙祖城】	0	1	1	0	0
1	城主神器【冰雪城】	0	1	1	0	0
1	城主神器【兰陵城】	0	1	1	0	0
1	城主神器【冰火城】	0	1	1	0	0
1	城主神器【暴风城】	0	1	1	0	0
1	城主神器【鸿蒙城】	0	1	1	0	0
2	〓〓〓〓修罗时装首饰〓〓〓〓	0	1	1	0	0
1	修罗戒指[时装]	0	1	1	0	0
1	修罗项链[时装]	0	1	1	0	0
1	修罗手套[时装]	0	1	1	0	0
1	修罗靴子[时装]	0	1	1	0	0
1	修罗腰带[时装]	0	1	1	0	0
1	修罗头罩[时装]	0	1	1	0	0
2	〓〓〓〓限时法宝1〓〓〓〓	0	1	1	0	0
5	剑开天门【限时】	0	1	1	0	0
5	幽冥鬼令【限时】	0	1	1	0	0
5	八荒神令【限时】	0	1	1	0	0
5	熔岩灵石【限时】	0	1	1	0	0
5	黄金树【限时】	0	1	1	0	0
5	古剑之灵【限时】	0	1	1	0	0
5	蝴蝶剑意【限时】	0	1	1	0	0
2	〓〓〓〓31类特殊材料〓〓〓〓	0	1	1	0	0
2	〓〓元宝金币〓〓	0	1	1	0	0
1	5元宝	0	1	1	0	0
1	10元宝	0	1	1	0	0
1	20元宝	0	1	1	0	0
1	30元宝	0	1	1	0	0
1	50元宝	0	1	1	0	0
1	少量金币袋	0	1	1	0	0
1	中量金币袋	0	1	1	0	0
1	大量金币袋	0	1	1	0	0
1	超级金币袋	0	1	1	0	0
1	传仙盲盒	0	1	1	0	0
1	1传仙币	0	1	1	0	0
1	5传仙币	0	1	1	0	0
1	10传仙币	0	1	1	0	0
2	〓〓修为丹〓〓	0	1	1	0	0
1	初级修为魂晶	0	1	1	0	0
1	中级修为魂晶	0	1	1	0	0
1	高级修为魂晶	0	1	1	0	0
1	超级修为魂晶	0	1	1	0	0
2	〓〓特殊果实〓〓	0	1	1	0	0
1	幸运之果	0	1	1	0	0
1	贪婪之果	0	1	1	0	0
1	真视之果	0	1	1	0	0
1	命运之果	0	1	1	0	0
1	聚财之果	0	1	1	0	0
1	信仰之果	0	1	1	0	0
1	魔力之果	0	1	1	0	0
1	生命之果	0	1	1	0	0
1	复仇之果	0	1	1	0	0
2	〓〓其他〓〓	0	1	1	0	0
1	金喇叭	0	1	1	0	0
2	〓〓〓〓41类特殊材料〓〓〓〓	0	1	1	0	0
1	争夺战宝箱	0	1	1	0	0
1	僵尸的怨念	0	1	1	0	0
1	装备晶核【废弃】	0	1	1	0	0
1	能量核心	0	1	1	0	0
1	黑洞之心	0	1	1	0	0
1	黄色地球【废弃】	0	1	1	0	0
1	洗练神石【被用】	0	1	1	0	0
1	血珠【废弃】	0	1	1	0	0
2	〓〓〓〓12命格龙珠〓〓〓〓	0	1	1	0	0
1	火珠	0	1	1	0	0
1	土珠	0	1	1	0	0
1	金珠	0	1	1	0	0
1	水珠	0	1	1	0	0
1	木珠	0	1	1	0	0
1	风珠	0	1	1	0	0
1	冰珠	0	1	1	0	0
1	雷珠	0	1	1	0	0
1	暗珠	0	1	1	0	0
1	光珠	0	1	1	0	0
1	时珠	0	1	1	0	0
1	空珠	0	1	1	0	0
2	〓〓〓〓31类命格体质丸〓〓〓〓	0	1	1	0	0
1	血煞天魔霸体丹	0	1	1	0	0
1	玄黄不灭圣体丹	0	1	1	0	0
1	周天星辰灵体丹	0	1	1	0	0
1	不死神凰魔体丹	0	1	1	0	0
2	〓〓〓〓12生肖灵图碎片〓〓〓〓	0	1	1	0	0
5	仙之灵图【鼠】	0	1	1	0	0
5	仙之灵图【牛】	0	1	1	0	0
5	仙之灵图【虎】	0	1	1	0	0
5	仙之灵图【兔】	0	1	1	0	0
5	仙之灵图【龙】	0	1	1	0	0
5	仙之灵图【蛇】	0	1	1	0	0
5	仙之灵图【马】	0	1	1	0	0
5	仙之灵图【羊】	0	1	1	0	0
5	仙之灵图【猴】	0	1	1	0	0
5	仙之灵图【鸡】	0	1	1	0	0
5	仙之灵图【狗】	0	1	1	0	0
5	仙之灵图【猪】	0	1	1	0	0
1	十二灵兽首【鼠】	0	1	1	0	0
1	十二灵兽首【牛】	0	1	1	0	0
1	十二灵兽首【虎】	0	1	1	0	0
1	十二灵兽首【兔】	0	1	1	0	0
1	十二灵兽首【龙】	0	1	1	0	0
1	十二灵兽首【蛇】	0	1	1	0	0
1	十二灵兽首【马】	0	1	1	0	0
1	十二灵兽首【羊】	0	1	1	0	0
1	十二灵兽首【猴】	0	1	1	0	0
1	十二灵兽首【鸡】	0	1	1	0	0
1	十二灵兽首【狗】	0	1	1	0	0
1	十二灵兽首【猪】	0	1	1	0	0
2	〓〓〓〓10大陆转生水晶〓〓〓〓	0	1	1	0	0
1	一大陆转生水晶	0	1	1	0	0
1	二大陆转生水晶	0	1	1	0	0
1	三大陆转生水晶	0	1	1	0	0
1	四大陆转生水晶	0	1	1	0	0
1	五大陆转生水晶	0	1	1	0	0
1	六大陆转生水晶	0	1	1	0	0
1	七大陆转生水晶	0	1	1	0	0
1	八大陆转生水晶	0	1	1	0	0
1	九大陆转生水晶	0	1	1	0	0
1	十大陆转生水晶	0	1	1	0	0
2	〓〓〓〓死亡赛道战车〓〓〓〓	0	1	1	0	0
3	重装坦克	0	1	1	0	0
3	离子光能坦克	0	1	1	0	0
3	幽魂战车	0	1	1	0	0
3	蝙蝠战车	0	1	1	0	0
3	烈火战车	0	1	1	0	0
3	末日摩托	0	1	1	0	0
3	斗牛骑士	0	1	1	0	0
3	乌骓马	0	1	1	0	0
3	惊帆马	0	1	1	0	0
3	神牛	0	1	1	0	0
3	异灵犬	0	1	1	0	0
3	绝影马	0	1	1	0	0
3	的卢马	0	1	1	0	0
3	神羊	0	1	1	0	0
3	九尾火狐	0	1	1	0	0
3	战车备用9	0	1	1	0	0
3	战车备用10	0	1	1	0	0
3	战车备用11	0	1	1	0	0
3	战车备用12	0	1	1	0	0
3	战车备用13	0	1	1	0	0
3	战车备用14	0	1	1	0	0
3	战车备用15	0	1	1	0	0
2	〓〓〓〓限时法宝2〓〓〓〓	0	1	1	0	0
5	九天遮蔽伞【限时】	0	1	1	0	0
5	天罡守护伞【限时】	0	1	1	0	0
5	玄鸟天机伞【限时】	0	1	1	0	0
5	狂暴战斧【限时】	0	1	1	0	0
5	雷霆战斧【限时】	0	1	1	0	0
5	限时法宝备用1	0	1	1	0	0
5	限时法宝备用2	0	1	1	0	0
5	限时法宝备用3	0	1	1	0	0
5	限时法宝备用4	0	1	1	0	0
5	限时法宝备用5	0	1	1	0	0
5	限时法宝备用6	0	1	1	0	0
5	限时法宝备用7	0	1	1	0	0
5	限时法宝备用8	0	1	1	0	0
5	限时法宝备用9	0	1	1	0	0
5	限时法宝备用10	0	1	1	0	0
5	限时法宝备用11	0	1	1	0	0
5	限时法宝备用12	0	1	1	0	0
5	限时法宝备用13	0	1	1	0	0
5	限时法宝备用14	0	1	1	0	0
5	限时法宝备用15	0	1	1	0	0
5	限时法宝备用16	0	1	1	0	0
5	限时法宝备用17	0	1	1	0	0
5	限时法宝备用18	0	1	1	0	0
5	限时法宝备用19	0	1	1	0	0
5	限时法宝备用20	0	1	1	0	0
2	〓〓〓〓炼器师材料〓〓〓〓	0	1	1	0	0
2	〓金〓	0	1	1	0	0
1	铜晶	0	1	1	0	0
1	银晶	0	1	1	0	0
1	金晶	0	1	1	0	0
1	钻晶	0	1	1	0	0
1	彩虹晶体	0	1	1	0	0
1	元金	0	1	1	0	0
1	生铜	0	1	1	0	0
1	玄铁	0	1	1	0	0
1	陨铁	0	1	1	0	0
2	〓木〓	0	1	1	0	0
1	神树灵种	0	1	1	0	0
1	棺材板	0	1	1	0	0
1	神木断枝	0	1	1	0	0
1	铁树条	0	1	1	0	0
2	〓水〓	0	1	1	0	0
1	封魔冰	0	1	1	0	0
1	石中血	0	1	1	0	0
1	千年寒冰	0	1	1	0	0
1	泪岩泉	0	1	1	0	0
1	戏龙水	0	1	1	0	0
1	寡妇水	0	1	1	0	0
2	〓火〓	0	1	1	0	0
1	剑炉真火	0	1	1	0	0
1	火山熔岩	0	1	1	0	0
1	九狱火	0	1	1	0	0
2	〓土〓	0	1	1	0	0
1	金刚岩	0	1	1	0	0
1	故乡土	0	1	1	0	0
1	花岗岩	0	1	1	0	0
1	龙麟化石	0	1	1	0	0
1	赤血岩	0	1	1	0	0
1	石血晶	0	1	1	0	0
2	〓〓〓〓炼器师产出物品1〓〓〓〓	0	1	1	0	0
1	初级强化水晶	0	1	1	0	0
1	中级强化水晶	0	1	1	0	0
1	宠物进阶水晶	0	1	1	0	0
1	宠物保护器	0	1	1	0	0
1	强化转移器	0	1	1	0	0
1	洗炼锁定器	0	1	1	0	0
1	万象点化石	0	1	1	0	0
1	万象洗炼石	0	1	1	0	0
1	限时法宝兑换信物	0	1	1	0	0
1	天道进化器	0	1	1	0	0
1	炼器师产出备用1	0	1	1	0	0
1	炼器师产出备用2	0	1	1	0	0
1	炼器师产出备用3	0	1	1	0	0
1	炼器师产出备用4	0	1	1	0	0
1	炼器师产出备用5	0	1	1	0	0
1	炼器师产出备用6	0	1	1	0	0
1	炼器师产出备用7	0	1	1	0	0
1	炼器师产出备用8	0	1	1	0	0
1	炼器师产出备用9	0	1	1	0	0
1	炼器师产出备用10	0	1	1	0	0
2	〓〓〓〓淘金者产出物品1〓〓〓〓	0	1	1	0	0
1	时空传送卷【已有】	0	1	1	0	0
1	蛛魔猎魂入场卷	0	1	1	0	0
1	邪灵猎魂入场卷	0	1	1	0	0
1	石魔猎魂入场卷	0	1	1	0	0
1	淘金盲盒	0	1	1	0	0
1	幽魂能量护身符	0	1	1	0	0
1	深渊地图入场卷	0	1	1	0	0
1	天道解封卷	0	1	1	0	0
1	淘金者产出备用1	0	1	1	0	0
1	淘金者产出备用2	0	1	1	0	0
1	淘金者产出备用3	0	1	1	0	0
1	淘金者产出备用4	0	1	1	0	0
1	淘金者产出备用5	0	1	1	0	0
1	淘金者产出备用5	0	1	1	0	0
1	淘金者产出备用7	0	1	1	0	0
1	淘金者产出备用7	0	1	1	0	0
1	淘金者产出备用7	0	1	1	0	0
1	淘金者产出备用7	0	1	1	0	0
1	淘金者产出备用7	0	1	1	0	0
1	淘金者产出备用7	0	1	1	0	0
2	〓〓〓〓淘金者材料〓〓〓〓	0	1	1	0	0
2	〓初级〓	0	1	1	0	0
1	魔兽壮阳水	0	1	1	0	0
1	养尸水	0	1	1	0	0
1	怪兽盲袋	0	1	1	0	0
1	玉缝珠	0	1	1	0	0
1	怨念凝珠	0	1	1	0	0
2	〓中级〓	0	1	1	0	0
1	罪恶凝珠	0	1	1	0	0
1	尸晶	0	1	1	0	0
1	恶魔牙齿	0	1	1	0	0
1	恶魔瞳孔	0	1	1	0	0
1	勇士枯骨	0	1	1	0	0
1	男战尸粉	0	1	1	0	0
1	男道尸粉	0	1	1	0	0
1	男法尸粉	0	1	1	0	0
1	女战尸粉	0	1	1	0	0
1	女道尸粉	0	1	1	0	0
1	女法尸粉	0	1	1	0	0
1	武者尸粉	0	1	1	0	0
1	勇士磨心粉	0	1	1	0	0
1	勇士磨骨粉	0	1	1	0	0
1	勇士磨脑粉	0	1	1	0	0
1	勇士血炼粉	0	1	1	0	0
1	勇士七魄	0	1	1	0	0
1	勇士头发	0	1	1	0	0
1	勇士三魂	0	1	1	0	0
1	战士笔记	0	1	1	0	0
2	〓〓〓〓高级〓〓〓〓	0	1	1	0	0
1	道士元丹	0	1	1	0	0
1	战士元丹	0	1	1	0	0
1	法师元丹	0	1	1	0	0
1	勇士眼珠	0	1	1	0	0
1	祭祀头骷	0	1	1	0	0
2	〓〓〓〓特殊材料2〓〓〓〓	0	1	1	0	0
1	幽魂时空传送卷	0	1	1	0	0
1	深渊结晶	0	1	1	0	0
1	龙珠入场卷	0	1	1	0	0
1	战灵法相进化石	0	1	1	0	0
1	时装宝石	0	1	1	0	0
1	洗炼锁定大宝箱	0	1	1	0	0
1	100传仙币	0	1	1	0	0
1	188传仙币	0	1	1	0	0
1	500传仙币	0	1	1	0	0
1	1888传仙币	0	1	1	0	0
1	转职证明	0	1	1	0	0
1	十字破军斩	0	1	1	0	0
1	巨翼魔王精血	0	1	1	0	0
1	死亡防爆卷轴	0	1	1	0	0
1	副职业转职卷	0	1	1	0	0
4	天道龙纹剑·骷髅	0	1	1	0	0
4	天道龙纹剑·灵葫	0	1	1	0	0
4	天道怒斩	0	1	1	0	0
4	天道骨玉	0	1	1	0	0
1	传仙基金包	0	1	1	0	0
1	浴火鞭策	0	1	1	0	0
1	炎龙降临	0	1	1	0	0
1	修罗血魂阵	0	1	1	0	0
1	天道晶石	0	1	1	0	0
5	仙之灵图【法龙】	0	1	1	0	0
5	仙之灵图【战龙】	0	1	1	0	0
5	仙之灵图【道龙】	0	1	1	0	0
4	白帝青龙剑【限时】	0	1	1	0	0
3	白帝战甲【限时】	0	1	1	0	0
5	白帝战盔【限时】	0	1	1	0	0
5	白帝项链【限时】	0	1	1	0	0
5	白帝护臂【限时】	0	1	1	0	0
5	白帝戒指【限时】	0	1	1	0	0
7	白帝战靴【限时】	0	1	1	0	0
7	白帝战带【限时】	0	1	1	0	0
4	青冥怒血杖【限时】	0	1	1	0	0
3	青冥法甲【限时】	0	1	1	0	0
5	青冥法盔【限时】	0	1	1	0	0
5	青冥项链【限时】	0	1	1	0	0
5	青冥护臂【限时】	0	1	1	0	0
5	青冥戒指【限时】	0	1	1	0	0
7	青冥法靴【限时】	0	1	1	0	0
7	青冥法带【限时】	0	1	1	0	0
4	绿灵卫道刃【限时】	0	1	1	0	0
3	绿灵道甲【限时】	0	1	1	0	0
5	绿灵道盔【限时】	0	1	1	0	0
5	绿灵项链【限时】	0	1	1	0	0
5	绿灵护臂【限时】	0	1	1	0	0
5	绿灵戒指【限时】	0	1	1	0	0
7	绿灵道靴【限时】	0	1	1	0	0
7	绿灵道带【限时】	0	1	1	0	0
1	召唤圣兽	0	1	1	0	0
1	冰晶魔蛛	0	1	1	0	0
1	冰晶天驴	0	1	1	0	0
1	冰晶独角兽	0	1	1	0	0
1	冰晶恶鼠	0	1	1	0	0
1	冰晶巫师	0	1	1	0	0
1	冰晶盗贼	0	1	1	0	0
1	冰晶哥布林	0	1	1	0	0
1	冰晶绿魔	0	1	1	0	0
1	冰晶遁地兽	0	1	1	0	0
1	冰晶幽魂	0	1	1	0	0
1	冰晶怪人	0	1	1	0	0
1	冰晶饿狼	0	1	1	0	0
1	冰晶石人	0	1	1	0	0
1	冰晶幽狼	0	1	1	0	0
1	冰晶巨嘴兽	0	1	1	0	0
1	冰晶晶魔	0	1	1	0	0
1	冰晶法老	0	1	1	0	0
1	冰晶忍士	0	1	1	0	0
1	冰晶白猿	0	1	1	0	0
1	冰晶风女	0	1	1	0	0
1	冰晶色牛	0	1	1	0	0
1	冰晶金甲武士	0	1	1	0	0
1	冰晶零妖	0	1	1	0	0
1	冰晶紫兽	0	1	1	0	0
1	冰晶赤龙	0	1	1	0	0
1	冰晶艾格	0	1	1	0	0
1	冰晶妖女	0	1	1	0	0
1	万象碎片	0	1	1	0	0
1	冰晶碎片	0	1	1	0	0
1	极品攻击晶体	0	1	1	0	0
1	极品魔法晶体	0	1	1	0	0
1	极品道术晶体	0	1	1	0	0
1	极品防御晶体	0	1	1	0	0
1	极品魔御晶体	0	1	1	0	0
1	仙术结晶	0	1	1	0	0
1	爆率宝石	0	1	1	0	0
1	元素符印	0	1	1	0	0
1	不陨星晶	0	1	1	0	0
5	麻痹戒指LV.1	0	1	1	0	0
5	石化戒指LV.1	0	1	1	0	0
5	冰冻戒指LV.1	0	1	1	0	0
5	麻痹戒指LV.2	0	1	1	0	0
5	麻痹戒指LV.3	0	1	1	0	0
5	麻痹戒指LV.4	0	1	1	0	0
5	麻痹戒指MAX	0	1	1	0	0
5	石化戒指LV.2	0	1	1	0	0
5	石化戒指LV.3	0	1	1	0	0
5	石化戒指LV.4	0	1	1	0	0
5	石化戒指MAX	0	1	1	0	0
5	冰冻戒指LV.2	0	1	1	0	0
5	冰冻戒指LV.3	0	1	1	0	0
5	冰冻戒指LV.4	0	1	1	0	0
5	冰冻戒指MAX	0	1	1	0	0
1	宠物蛋	0	1	1	0	0
1	暴躁恶鼠	0	1	1	0	0
1	邪恶猫王	0	1	1	0	0
1	美国队长	0	1	1	0	0
1	闪电魔王	0	1	1	0	0
1	金刚老狼	0	1	1	0	0
1	绿牛魔王	0	1	1	0	0
1	性感美兔	0	1	1	0	0
1	蝙蝠恶猪	0	1	1	0	0
1	钢铁恶鸡	0	1	1	0	0
1	氪金魔王	0	1	1	0	0
1	梵天圣火	0	1	1	0	0
1	野蛮冲撞	0	1	1	0	0
1	蛊毒术	0	1	1	0	0
1	邪灵的灵魂	0	1	1	0	0
1	石魔的灵魂	0	1	1	0	0
1	蛛魔的灵魂	0	1	1	0	0
4	天道传承【财神战刃】	0	1	1	0	0
3	天道传承【财神战甲】	0	1	1	0	0
5	天道传承【财神战盔】	0	1	1	0	0
5	天道传承【财神战链】	0	1	1	0	0
5	天道传承【财神战镯】	0	1	1	0	0
5	天道传承【财神战指】	0	1	1	0	0
7	天道传承【财神战靴】	0	1	1	0	0
7	天道传承【财神战带】	0	1	1	0	0
4	天道传承【勤奋战刃】	0	1	1	0	0
3	天道传承【勤奋战甲】	0	1	1	0	0
5	天道传承【勤奋战盔】	0	1	1	0	0
5	天道传承【勤奋战链】	0	1	1	0	0
5	天道传承【勤奋战镯】	0	1	1	0	0
5	天道传承【勤奋战指】	0	1	1	0	0
7	天道传承【勤奋战靴】	0	1	1	0	0
7	天道传承【勤奋战带】	0	1	1	0	0
4	天道传承【幸运战刃】	0	1	1	0	0
3	天道传承【幸运战甲】	0	1	1	0	0
5	天道传承【幸运战盔】	0	1	1	0	0
5	天道传承【幸运战链】	0	1	1	0	0
5	天道传承【幸运战镯】	0	1	1	0	0
5	天道传承【幸运战指】	0	1	1	0	0
7	天道传承【幸运战靴】	0	1	1	0	0
7	天道传承【幸运战带】	0	1	1	0	0
4	天道传承【暴躁战刃】	0	1	1	0	0
3	天道传承【暴躁战甲】	0	1	1	0	0
5	天道传承【暴躁战盔】	0	1	1	0	0
5	天道传承【暴躁战链】	0	1	1	0	0
5	天道传承【暴躁战镯】	0	1	1	0	0
5	天道传承【暴躁战指】	0	1	1	0	0
7	天道传承【暴躁战靴】	0	1	1	0	0
7	天道传承【暴躁战带】	0	1	1	0	0
4	天道传承【神之战刃】	0	1	1	0	0
3	天道传承【神之战甲】	0	1	1	0	0
5	天道传承【神之战盔】	0	1	1	0	0
5	天道传承【神之战链】	0	1	1	0	0
5	天道传承【神之战镯】	0	1	1	0	0
5	天道传承【神之战指】	0	1	1	0	0
7	天道传承【神之战靴】	0	1	1	0	0
7	天道传承【神之战带】	0	1	1	0	0
4	天道传承【壁垒战刃】	0	1	1	0	0
3	天道传承【壁垒战甲】	0	1	1	0	0
5	天道传承【壁垒战盔】	0	1	1	0	0
5	天道传承【壁垒战链】	0	1	1	0	0
5	天道传承【壁垒战镯】	0	1	1	0	0
5	天道传承【壁垒战指】	0	1	1	0	0
7	天道传承【壁垒战靴】	0	1	1	0	0
7	天道传承【壁垒战带】	0	1	1	0	0
4	天道传承【金元战刃】	0	1	1	0	0
3	天道传承【金元战甲】	0	1	1	0	0
5	天道传承【金元战盔】	0	1	1	0	0
5	天道传承【金元战链】	0	1	1	0	0
5	天道传承【金元战镯】	0	1	1	0	0
5	天道传承【金元战指】	0	1	1	0	0
7	天道传承【金元战靴】	0	1	1	0	0
7	天道传承【金元战带】	0	1	1	0	0
4	天道传承【天殇战刃】	0	1	1	0	0
3	天道传承【天殇战甲】	0	1	1	0	0
5	天道传承【天殇战盔】	0	1	1	0	0
5	天道传承【天殇战链】	0	1	1	0	0
5	天道传承【天殇战镯】	0	1	1	0	0
5	天道传承【天殇战指】	0	1	1	0	0
7	天道传承【天殇战靴】	0	1	1	0	0
7	天道传承【天殇战带】	0	1	1	0	0
4	天道传承【精英战刃】	0	1	1	0	0
3	天道传承【精英战甲】	0	1	1	0	0
5	天道传承【精英战盔】	0	1	1	0	0
5	天道传承【精英战链】	0	1	1	0	0
5	天道传承【精英战镯】	0	1	1	0	0
5	天道传承【精英战指】	0	1	1	0	0
7	天道传承【精英战靴】	0	1	1	0	0
7	天道传承【精英战带】	0	1	1	0	0
4	天道传承【无敌战刃】	0	1	1	0	0
3	天道传承【无敌战甲】	0	1	1	0	0
5	天道传承【无敌战盔】	0	1	1	0	0
5	天道传承【无敌战链】	0	1	1	0	0
5	天道传承【无敌战镯】	0	1	1	0	0
5	天道传承【无敌战指】	0	1	1	0	0
7	天道传承【无敌战靴】	0	1	1	0	0
7	天道传承【无敌战带】	0	1	1	0	0
1	1号幸运数字	0	1	1	0	0
1	2号幸运数字	0	1	1	0	0
1	3号幸运数字	0	1	1	0	0
1	5号幸运数字	0	1	1	0	0
1	4号幸运数字	0	1	1	0	0
1	6号幸运数字	0	1	1	0	0
1	7号幸运数字	0	1	1	0	0
1	8号幸运数字	0	1	1	0	0
1	9号幸运数字	0	1	1	0	0
5	骷髅妖丹	0	1	1	0	0
5	僵尸妖丹	0	1	1	0	0
5	蜈蚣妖丹	0	1	1	0	0
5	野猪妖丹	0	1	1	0	0
5	野猪妖丹	0	1	1	0	0
5	沃玛妖丹	0	1	1	0	0
5	祖玛妖丹	0	1	1	0	0
5	骨魔妖丹	0	1	1	0	0
5	恶魔妖丹	0	1	1	0	0
5	蚂蚁妖丹	0	1	1	0	0
5	精灵妖丹	0	1	1	0	0
5	黑暗妖丹	0	1	1	0	0
5	赤月妖丹	0	1	1	0	0
5	封魔妖丹	0	1	1	0	0
5	牛魔妖丹	0	1	1	0	0
5	魔毒妖丹	0	1	1	0	0
5	封魔妖丹	0	1	1	0	0
5	魔龙妖丹	0	1	1	0	0
5	幽暗妖丹	0	1	1	0	0
5	魔化妖丹	0	1	1	0	0
5	火龙妖丹	0	1	1	0	0
1	数字卷轴	0	1	1	0	0
1	跑酷碎片	0	1	1	0	0
1	圣兽羽毛	0	1	1	0	0
1	称号羽毛	0	1	1	0	0
5	戮仙剑	0	1	1	0	0
5	陷仙剑	0	1	1	0	0
5	绝仙剑	0	1	1	0	0
5	影仙剑	0	1	1	0	0
5	越女剑	0	1	1	0	0
5	赤霄剑	0	1	1	0	0
5	堕落之角	0	1	1	0	0
1	入群礼包	0	1	1	0	0
1	休门阵眼	0	1	1	0	0
1	驚门阵眼	0	1	1	0	0
1	死门阵眼	0	1	1	0	0
1	景门阵眼	0	1	1	0	0
1	杜门阵眼	0	1	1	0	0
1	伤门阵眼	0	1	1	0	0
1	生门阵眼	0	1	1	0	0
1	开门阵眼	0	1	1	0	0
1	八卦觉醒石	0	1	1	0	0
1	混沌残页	0	1	1	0	0
1	彻地钉	0	1	1	0	0
5	石化戒指LV.5	0	1	1	0	0
5	石化戒指LV.6	0	1	1	0	0
5	石化戒指LV.7	0	1	1	0	0
5	石化戒指LV.8	0	1	1	0	0
5	石化戒指LV.9	0	1	1	0	0
5	石化戒指LV.10	0	1	1	0	0
5	冰冻戒指LV.5	0	1	1	0	0
5	冰冻戒指LV.6	0	1	1	0	0
5	冰冻戒指LV.7	0	1	1	0	0
5	冰冻戒指LV.8	0	1	1	0	0
5	冰冻戒指LV.9	0	1	1	0	0
5	冰冻戒指LV.10	0	1	1	0	0
5	麻痹戒指LV.5	0	1	1	0	0
5	麻痹戒指LV.6	0	1	1	0	0
5	麻痹戒指LV.7	0	1	1	0	0
5	麻痹戒指LV.8	0	1	1	0	0
5	麻痹戒指LV.9	0	1	1	0	0
5	麻痹戒指LV.10	0	1	1	0	0
1	极速宝石	0	1	1	0	0
1	10万元宝箱	0	1	1	0	0
1	1万传仙币宝箱	0	1	1	0	0
1	100个圣兽羽毛箱	0	1	1	0	0
1	1号幸运数字宝箱	0	1	1	0	0
1	2号幸运数字宝箱	0	1	1	0	0
1	3号幸运数字宝箱	0	1	1	0	0
1	4号幸运数字宝箱	0	1	1	0	0
1	5号幸运数字宝箱	0	1	1	0	0
1	6号幸运数字宝箱	0	1	1	0	0
1	7号幸运数字宝箱	0	1	1	0	0
1	8号幸运数字宝箱	0	1	1	0	0
1	9号幸运数字宝箱	0	1	1	0	0
1	15个巨翼魔王精血宝箱	0	1	1	0	0
1	1000个称号羽毛箱	0	1	1	0	0
1	100E金币箱子	0	1	1	0	0
1	800个跑酷碎片箱子	0	1	1	0	0
1	10套仙器套箱子	0	1	1	0	0
5	复仇者戒指	0	1	1	0	0
1	复活碎片	0	1	1	0	0
1	金币	0	1	1	0	0
