; 此 版 本 来 自 传   奇 大 学 ｗｗｗ . sddbdc. c o m

;----------------------------------------------------------------------------------------------------
;调用文件		地图	X	Y	姓名		范围	代码	刷新时间

;----------------------------------------------------------------------------------------------------
;新人出生地图/领取路费 CLT  24 20  0  0 10034 0 

土城/第四季 3 176 149 0 0 11001 0

;测试 3 176 133 0  0 10034 0
;----------------------------------------------------------------------------------------------------
;■■■■■■■■■■■■■■■■■■■■■■■■■盟重城■■■■■■■■■■■■■■■■■■■■■■■■■
土城/一大陆 3  186 143  0  0 10000 0
土城/二大陆 3  183 143  0  0 10000 0
土城/三大陆 3  180 143  0  0 10000 0
土城/四大陆 3  177 143  0  0 10000 0
土城/五大陆 3  174 143  0  0 10000 0
土城/六大陆 3  171 143  0  0 10000 0
土城/七大陆 3  168 143  0  0 10000 0
土城/八大陆 3  165 143  0  0 10000 0
;土城/九大陆 3  170 143  0  0 10000 0
;土城/十大陆 3  168 143  0  0 10000 0
;土城/货币指南 3  173 131  0  0 10113 0
; 土城/单车变摩托 3 174 129 0 0 10117 0
; 土城/单车变摩托 paokuditu 24 34 0 0 10117 0
; 土城/单车变摩托 huanggong1 24 27 0 0 10117 0
;土城/转区专区 3  193 136  0  0 10118 0
;土城/邀请奖励 3  193 136  0  0 10117 0
;土城/跨服拍卖 3 176 129 0 0 10118
;土城/自助专区转区 3  190 133  0  0 10000 0
;土城/跨服拍卖 huanggong1 26 31 0 0 10118

土城/传仙战场 3 165 138 0 0 10112 0
;土城/潘多拉魔盒 3 165 134 0 0 10101 0
土城/法相进阶 3 165 132 0 0 10101 0
土城/上古劫阵 3  165 120  0  0 10009 0
;土城/龙之迷数 3 165 120 0 0 10012 0
;土城/CDK领取 3 190 139 0 0 10094 0
;土城/低消 3 190 124 0 0 10118 0

土城/狂暴龙纹 3 185 119 0 0 10038 0
土城/称号大师 3 181 119 0 0 10008 0
土城/转生使者 3 177 119 0 0 10001 0
土城/技能强化 3 173 119 0 0 10003 0
土城/盾牌锻造 3 169 119 0 0 10010 0
土城/怪物密室 3 165 126 0 0 10097 0


;土城/入群NPC 3 180 128 0 0 10070 0
土城/魔次洗练 3 187 130 0 0 10046 0
土城/宠物进阶 3 187 135 0 0 10047 0


; 土城/战士觉醒 3  191 120  0  0 10005 0
; 土城/法师觉醒 3  195 120  0  0 10006 0
; 土城/道士觉醒 3  199 120  0  0 10007 0


; 土城/魔蛛猎魂 3 191 125 0 0 10039 0
天威城/魔蛛猎魂 02  117 123  0  0 10039 0
土城/邪灵猎魂 02 110 129 0 0 10041 0
; 土城/石魔猎魂 3 199 125 0 0 10040 0
天威城/石魔猎魂 02  122 119  0  0 10040 0

;土城/实物兑换 3 195 131 0 0 10091 0
土城/深渊战场 3 195 125 0 0 10044 0


; 土城/起飞大礼包 3 189 141 0 0 10042 0

土城/通天魔坠 3 187 124 0 0 10075 0
;■■■■■■■■■■■■■■■■■■■■■■■■■一大陆■■■■■■■■■■■■■■■■■■■■■■■■■



暗夜城/灵魂石板 2101  19 80 0  0 10024 0
暗夜城/灵魂石板 1101  106 108 0  0 10024 0
暗夜城/灵魂石板 2201  26 33 0  0 10024 0
暗夜城/灵魂石板 1201  71 142 0  0 10024 0
暗夜城/BOSS元核 01  135 120  0  0 10030 0
暗夜城/职业神器 01  131 118  0  0 10031 0
暗夜城/传承套装 01  135 114  0  0 10068 0
暗夜城/幸运数字 01  132 110  0  0 10069 0
;暗夜城/法宝展示 01  141 117  0  0 10025 0
;暗夜城/法师宝宝 01  139 112 0  0 10063 0

暗夜城/称号碎片 01  145 112 0  0 10081 0
;■■■■■■■■■■■■■■■■■■■■■■■■■二大陆■■■■■■■■■■■■■■■■■■■■■■■■■

天威城/灵魂石板 02  126 119  0  0 10024 0
天威城/BOSS元核 02  119 135  0  0 10030 0
天威城/职业神器 02  131 123  0  0 10031 0


天威城/天命龙珠 02  123 128  0  0 10048 0


天威城/炼丹炉 02 125 138 0 0 10033 0
天威城/炼器鼎 02 132 133 0 0 10035 0
天威城/血炼炉 02 135 126 0 0 10036 0

天威城/镶嵌时装 02 115 133 0 0 10067 0
;■■■■■■■■■■■■■■■■■■■■■■■■■三大陆■■■■■■■■■■■■■■■■■■■■■■■■■


曙光城/灵魂石板 03  125 181  0  0 10024 0
曙光城/BOSS元核 03  128 184  0  0 10030 0
曙光城/职业神器 03  131 187  0  0 10031 0
;曙光城/法宝展示 03  135 191  0  0 10025 0
曙光城/传送戒指 03 124 175 0 0 10105 0

曙光城/仙之灵图 03 133 170 0 0 10049 0

曙光城/法宝融合 03 128 170 0 0 10050 0
曙光城/灵图吞噬 03 140 189 0 0 10051 0
; 曙光城/探宝灵鼠 03 146 184 0 0 10074 0

曙光城/屠魔剑阵 03 152 176 0 0 10076 0
曙光城/诛仙剑冢 03 147 168 0 0 10078 0
曙光城/兑换圣兽 03 137 158 0 0 10079 0
曙光城/0CD兑换 03 134 161 0 0 10093 0
; 曙光城/灵魂丹购买 03 130 177 0 0 10096 0
; 曙光城/仙器存取 03 149 169 0 0 10080 0
;■■■■■■■■■■■■■■■■■■■■■■■■■四大陆■■■■■■■■■■■■■■■■■■■■■■■■■


归隐城/灵魂石板 04  106 106  0  0 10024 0
归隐城/BOSS元核 04  106 118  0  0 10030 0
归隐城/职业神器 04  97 119  0  0 10031 0

归隐城/战士觉醒 04  98 104  0  0 10005 0
归隐城/法师觉醒 04  89 105  0  0 10006 0
归隐城/道士觉醒 04  86 112 0  0 10007 0
土城/法相再次升级 04 88 119 0 0 10101 0
归隐城/魔坠再次升级 04  106 111 0  0 10075 0
归隐城/经验提升 04  102 118 0  0 10082 0
归隐城/奇门八卦 04  94 103 0  0 10083 0
;归隐城/VIP4升级 04  102 104 0  0 10085 0
;■■■■■■■■■■■■■■■■■■■■■■■■■五大陆■■■■■■■■■■■■■■■■■■■■■■■■■

龙祖城/学习混动火雨 05  99 78  0  0 10086 0
龙祖城/学习混沌石灵 05  99 87  0  0 10087 0
龙祖城/学习混沌开天 05  109 79  0  0 10088 0
龙祖城/灵魂石板 05  111 83  0  0 10024 0
龙祖城/BOSS元核 05  115 86 0  0 10030 0
龙祖城/职业神器 05  119 89  0  0 10031 0
龙祖城/法宝展示 05  123 92  0  0 10025 0

龙祖城/天道提炼 05  105 89  0  0 10053 0
龙祖城/晶石融合 05  105 78  0  0 10054 0
龙祖城/小财迷 05  96 82 0  0 10098 0
龙祖城/天人之运 05  102 82 0  0 10099 0
龙祖城/神之眷顾 05  95 76 0  0 10103 0

冰雪城/冰晶镶嵌 06 106 57 0 0 10055
冰雪城/天道镶嵌 06 101 54 0 0 10056
冰雪城/冰晶卡片兑换 06 110 47 0 0 10057
; 冰雪城/极品提升 06 116 50 0 0 10058
; 冰雪城/爆率翻倍 06 109 62 0 0 10059
; 冰雪城/取下限时 06  104 60 0 0 10060 0
冰雪城/BOSS元核 06  106 49  0  0 10030 0
; 冰雪城/原神内丹 06  110 59  0  0 10092 0
;冰雪城/晶体转换 06  114 57 0 0 10061 0
冰雪城/天道晶石提取 06  120 54 0 0 10062 0
冰雪城/灵魂石板 06  115 50  0  0 10024 0
冰雪城/职业神器 06  113 56  0  0 10031 0
; 冰雪城/远古雪城 06  113 42 0 0 10064 0
; 冰雪城/足球场 06  120 45 0 0 10067 0
; 冰雪城/雪城密洞 06  125 49 0 0 10066
; 冰雪城/元素特戒 06  120 46 0 0 10065 0
冰雪城/卡片购买 06  125 49 0 0 10066
;跨服
兰陵城/灵魂石板 07 36 66 0 0 10024
兰陵城/职业神器 07  38 58  0  0 10031 0
; 兰陵城/月灵道祖 07  42 58  0  0 10107 0
; 兰陵城/BOSS元核 07  45 60  0  0 10030 0
兰陵城/伤害转换 07  34 61  0  0 10108 0
兰陵城/极速传送 07  42 66  0  0 10109 0
兰陵城/极品属性 07  47 65  0  0 10110 0
兰陵城/爆率提升 07  45 59  0  0 10111 0


兰陵城/品阶提升 07  32 65  品阶提升  0 0 1



冰火城/领取超级宠物 08  100 187  0  0 10114 0

冰火城/等级提升 08  104 187  0  0 10115 0

冰火城/宠物技能 08  102 190  0  0 10116 0

冰火城/PK逆天法宝 08  102 183  0  0 10119 0


跨服/死亡跑酷领取奖励 run001 9 14 0 0 10071 0

跨服/跑酷皮肤领取 run001 253 259 0 0 10073 0



跨服/沙巴克   kuafu1 243 269 0 0 10015 0

跨服/驱魔道长 kuafu1  255 253 0 0 10100 0
跨服/守棺人   kuafu1  439 316 0 0 10102 0
跨服/群雄聚会 kuafu1  260 254 0 0 10104 0
跨服/藏宝室   kuafu1  251 254 0 0 10052 0
跨服/伏魔阵大厅   kuafu1  265 258 0 0 10072 0
跨服/八卦会所 kuafu1 246 254 0 0 10084 0
跨服/仙魔斗场 kuafu1 265 266 0 0 10089 0
跨服/仙魔积分兑换 kuafu1 265 272 0 0 10090 0
; 跨服/世界BOSS排行 kuafu1 262 276 0 0 10012 0
跨服/元素特戒 kuafu1  243 257 0 0 10065 0
跨服/跑酷 kuafu1  265 254 0 0 10095 0
跨服/聚宝盆 kuafu1  243 263 0 0 10106 0



跨服/沙巴克   kuafu2 243 269 0 0 10015 0

跨服/驱魔道长 kuafu2  255 253 0 0 10100 0
跨服/守棺人   kuafu2  439 316 0 0 10102 0
跨服/群雄聚会 kuafu2  260 254 0 0 10104 0
跨服/藏宝室   kuafu2  251 254 0 0 10052 0
跨服/伏魔阵大厅   kuafu2  265 258 0 0 10072 0
跨服/八卦会所 kuafu2 246 254 0 0 10084 0
跨服/仙魔斗场 kuafu2 265 266 0 0 10089 0
跨服/仙魔积分兑换 kuafu2 265 272 0 0 10090 0
; 跨服/世界BOSS排行 kuafu1 262 276 0 0 10012 0
跨服/元素特戒 kuafu2  251 254 0 0 10065 0
跨服/跑酷 kuafu2  265 254 0 0 10095 0
跨服/聚宝盆 kuafu2  243 263 0 0 10106 0



跨服/沙巴克   kuafu3 243 269 0 0 10015 0

跨服/驱魔道长 kuafu3  255 253 0 0 10100 0
跨服/守棺人   kuafu3  439 316 0 0 10102 0
跨服/群雄聚会 kuafu3  260 254 0 0 10104 0
跨服/藏宝室   kuafu3  251 254 0 0 10052 0
跨服/伏魔阵大厅   kuafu3  265 258 0 0 10072 0
跨服/八卦会所 kuafu3 246 254 0 0 10084 0
跨服/仙魔斗场 kuafu3 265 266 0 0 10089 0
跨服/仙魔积分兑换 kuafu3 265 272 0 0 10090 0
; 跨服/世界BOSS排行 kuafu1 262 276 0 0 10012 0
跨服/元素特戒 kuafu3  243 257 0 0 10065 0
跨服/跑酷 kuafu3  265 254 0 0 10095 0
跨服/聚宝盆 kuafu3  243 263 0 0 10106 0

跨服/沙巴克   kuafu4 243 269 0 0 10015 0

跨服/驱魔道长 kuafu4  255 253 0 0 10100 0
跨服/守棺人   kuafu4  439 316 0 0 10102 0
跨服/群雄聚会 kuafu4  260 254 0 0 10104 0
跨服/藏宝室   kuafu4  251 254 0 0 10052 0
跨服/伏魔阵大厅   kuafu4  265 258 0 0 10072 0
跨服/八卦会所 kuafu4 246 254 0 0 10084 0
跨服/仙魔斗场 kuafu4 265 266 0 0 10089 0
跨服/仙魔积分兑换 kuafu4 265 272 0 0 10090 0
; 跨服/世界BOSS排行 kuafu4 262 276 0 0 10012 0
跨服/元素特戒 kuafu4  243 257 0 0 10065 0
跨服/跑酷 kuafu4  265 254 0 0 10095 0
跨服/聚宝盆 kuafu4  243 263 0 0 10106 0


跨服/沙巴克   kuafu5 243 269 0 0 10015 0

跨服/驱魔道长 kuafu5  255 253 0 0 10100 0
跨服/守棺人   kuafu5  439 316 0 0 10102 0
跨服/群雄聚会 kuafu5  260 254 0 0 10104 0
跨服/藏宝室   kuafu5  251 254 0 0 10052 0
跨服/伏魔阵大厅   kuafu5  265 258 0 0 10072 0
跨服/八卦会所 kuafu5 246 254 0 0 10084 0
跨服/仙魔斗场 kuafu5 265 266 0 0 10089 0
跨服/仙魔积分兑换 kuafu5 265 272 0 0 10090 0
; 跨服/世界BOSS排行 kuafu5 262 276 0 0 10012 0
跨服/元素特戒 kuafu5  243 257 0 0 10065 0
跨服/跑酷 kuafu5  265 254 0 0 10095 0
跨服/聚宝盆 kuafu5  243 263 0 0 10106 0


跨服/沙巴克   kuafu6 243 269 0 0 10015 0

跨服/驱魔道长 kuafu6  255 253 0 0 10100 0
跨服/守棺人   kuafu6  439 316 0 0 10102 0
跨服/群雄聚会 kuafu6  260 254 0 0 10104 0
跨服/藏宝室   kuafu6  251 254 0 0 10052 0
跨服/伏魔阵大厅   kuafu6  265 258 0 0 10072 0
跨服/八卦会所 kuafu6 246 254 0 0 10084 0
跨服/仙魔斗场 kuafu6 265 266 0 0 10089 0
跨服/仙魔积分兑换 kuafu6 265 272 0 0 10090 0
; 跨服/世界BOSS排行 kuafu1 262 276 0 0 10012 0
跨服/元素特戒 kuafu6  243 257 0 0 10065 0
跨服/跑酷 kuafu6  265 254 0 0 10095 0
跨服/聚宝盆 kuafu6  243 263 0 0 10106 0




跨服/沙巴克   kuafu7 243 269 0 0 10015 0

跨服/驱魔道长 kuafu7  255 253 0 0 10100 0
跨服/守棺人   kuafu7  439 316 0 0 10102 0
跨服/群雄聚会 kuafu7  260 254 0 0 10104 0
跨服/藏宝室   kuafu7  251 254 0 0 10052 0
跨服/伏魔阵大厅   kuafu7  265 258 0 0 10072 0
跨服/八卦会所 kuafu7 246 254 0 0 10084 0
跨服/仙魔斗场 kuafu7 265 266 0 0 10089 0
跨服/仙魔积分兑换 kuafu7 265 272 0 0 10090 0
; 跨服/世界BOSS排行 kuafu1 262 276 0 0 10012 0
跨服/元素特戒 kuafu7  243 257 0 0 10065 0
跨服/跑酷 kuafu7  265 254 0 0 10095 0
跨服/聚宝盆 kuafu7  243 263 0 0 10106 0



跨服/沙巴克   kuafu8 243 269 0 0 10015 0

跨服/驱魔道长 kuafu8  255 253 0 0 10100 0
跨服/守棺人   kuafu8  439 316 0 0 10102 0
跨服/群雄聚会 kuafu8  260 254 0 0 10104 0
跨服/藏宝室   kuafu8  251 254 0 0 10052 0
跨服/伏魔阵大厅   kuafu8  265 258 0 0 10072 0
跨服/八卦会所 kuafu8 246 254 0 0 10084 0
跨服/仙魔斗场 kuafu8 265 266 0 0 10089 0
跨服/仙魔积分兑换 kuafu8 265 272 0 0 10090 0
; 跨服/世界BOSS排行 kuafu1 262 276 0 0 10012 0
跨服/元素特戒 kuafu8  243 257 0 0 10065 0
跨服/跑酷 kuafu8  265 254 0 0 10095 0
跨服/聚宝盆 kuafu8  243 263 0 0 10106 0



跨服/沙巴克   kuafu9 243 269 0 0 10015 0

跨服/驱魔道长 kuafu9  255 253 0 0 10100 0
跨服/守棺人   kuafu9  439 316 0 0 10102 0
跨服/群雄聚会 kuafu9  260 254 0 0 10104 0
跨服/藏宝室   kuafu9  251 254 0 0 10052 0
跨服/伏魔阵大厅   kuafu9  265 258 0 0 10072 0
跨服/八卦会所 kuafu9 246 254 0 0 10084 0
跨服/仙魔斗场 kuafu9 265 266 0 0 10089 0
跨服/仙魔积分兑换 kuafu9 265 272 0 0 10090 0
; 跨服/世界BOSS排行 kuafu1 262 276 0 0 10012 0
跨服/元素特戒 kuafu9  243 257 0 0 10065 0
跨服/跑酷 kuafu9  265 254 0 0 10095 0
跨服/聚宝盆 kuafu9  243 263 0 0 10106 0



跨服/沙巴克   kuafu10 243 269 0 0 10015 0

跨服/驱魔道长 kuafu10  255 253 0 0 10100 0
跨服/守棺人   kuafu10  439 316 0 0 10102 0
跨服/群雄聚会 kuafu10  260 254 0 0 10104 0
跨服/藏宝室   kuafu10  251 254 0 0 10052 0
跨服/伏魔阵大厅   kuafu10  265 258 0 0 10072 0
跨服/八卦会所 kuafu10 246 254 0 0 10084 0
跨服/仙魔斗场 kuafu10 265 266 0 0 10089 0
跨服/仙魔积分兑换 kuafu10 265 272 0 0 10090 0
; 跨服/世界BOSS排行 kuafu1 262 276 0 0 10012 0
跨服/元素特戒 kuafu10  243 257 0 0 10065 0
跨服/跑酷 kuafu10  265 254 0 0 10095 0
跨服/聚宝盆 kuafu10  243 263 0 0 10106 0






跨服/驱魔道长 kuafu11  255 253 0 0 10100 0
跨服/守棺人   kuafu11  439 316 0 0 10102 0
跨服/群雄聚会 kuafu11  260 254 0 0 10104 0
跨服/藏宝室   kuafu11  251 254 0 0 10052 0
跨服/伏魔阵大厅   kuafu11  265 258 0 0 10072 0
跨服/八卦会所 kuafu11 246 254 0 0 10084 0
跨服/仙魔斗场 kuafu11 265 266 0 0 10089 0
跨服/仙魔积分兑换 kuafu11 265 272 0 0 10090 0
; 跨服/世界BOSS排行 kuafu1 262 276 0 0 10012 0
跨服/元素特戒 kuafu11  243 257 0 0 10065 0
跨服/跑酷 kuafu11  265 254 0 0 10095 0
跨服/聚宝盆 kuafu11 243 263 0 0 10106 0







跨服/驱魔道长 kuafu12  255 253 0 0 10100 0
跨服/守棺人   kuafu12  439 316 0 0 10102 0
跨服/群雄聚会 kuafu12  260 254 0 0 10104 0
跨服/藏宝室   kuafu12  251 254 0 0 10052 0
跨服/伏魔阵大厅   kuafu12  265 258 0 0 10072 0
跨服/八卦会所 kuafu12 246 254 0 0 10084 0
跨服/仙魔斗场 kuafu12 265 266 0 0 10089 0
跨服/仙魔积分兑换 kuafu12 265 272 0 0 10090 0
; 跨服/世界BOSS排行 kuafu1 262 276 0 0 10012 0
跨服/元素特戒 kuafu12  243 257 0 0 10065 0
跨服/跑酷 kuafu12  265 254 0 0 10095 0
跨服/聚宝盆 kuafu12  243 263 0 0 10106 0






跨服/驱魔道长 kuafu13  255 253 0 0 10100 0
跨服/守棺人   kuafu13  439 316 0 0 10102 0
跨服/群雄聚会 kuafu13  260 254 0 0 10104 0
跨服/藏宝室   kuafu13  251 254 0 0 10052 0
跨服/伏魔阵大厅   kuafu13  265 258 0 0 10072 0
跨服/八卦会所 kuafu13 246 254 0 0 10084 0
;跨服/仙魔斗场 kuafu13 265 266 0 0 10089 0
跨服/仙魔积分兑换 kuafu13 265 272 0 0 10090 0
; 跨服/世界BOSS排行 kuafu1 262 276 0 0 10012 0
跨服/元素特戒 kuafu13  243 257 0 0 10065 0
跨服/跑酷 kuafu13  265 254 0 0 10095 0
跨服/聚宝盆 kuafu13  243 263 0 0 10106 0





跨服/驱魔道长 kuafu14  255 253 0 0 10100 0
跨服/守棺人   kuafu14  439 316 0 0 10102 0
跨服/群雄聚会 kuafu14  260 254 0 0 10104 0
跨服/藏宝室   kuafu14  251 254 0 0 10052 0
跨服/伏魔阵大厅   kuafu14  265 258 0 0 10072 0
跨服/八卦会所 kuafu14 246 254 0 0 10084 0
;跨服/仙魔斗场 kuafu14 265 266 0 0 10089 0
跨服/仙魔积分兑换 kuafu14 265 272 0 0 10090 0
; 跨服/世界BOSS排行 kuafu1 262 276 0 0 10012 0
跨服/元素特戒 kuafu14  243 257 0 0 10065 0
跨服/跑酷 kuafu14  265 254 0 0 10095 0
跨服/聚宝盆 kuafu14  243 263 0 0 10106 0






跨服/驱魔道长 kuafu15  255 253 0 0 10100 0
跨服/守棺人   kuafu15  439 316 0 0 10102 0
跨服/群雄聚会 kuafu15  260 254 0 0 10104 0
跨服/藏宝室   kuafu15  251 254 0 0 10052 0
跨服/伏魔阵大厅   kuafu15  265 258 0 0 10072 0
跨服/八卦会所 kuafu15 246 254 0 0 10084 0
;跨服/仙魔斗场 kuafu15 265 266 0 0 10089 0
跨服/仙魔积分兑换 kuafu15 265 272 0 0 10090 0
; 跨服/世界BOSS排行 kuafu1 262 276 0 0 10012 0
跨服/元素特戒 kuafu15  243 257 0 0 10065 0
 跨服/跑酷 kuafu15  265 254 0 0 10095 0
跨服/聚宝盆 kuafu15  243 263 0 0 10106 0


跨服/驱魔道长 kuafu16  255 253 0 0 10100 0
跨服/守棺人   kuafu16  439 316 0 0 10102 0
跨服/群雄聚会 kuafu16  260 254 0 0 10104 0
跨服/藏宝室   kuafu16  251 254 0 0 10052 0
跨服/伏魔阵大厅   kuafu16  265 258 0 0 10072 0
跨服/八卦会所 kuafu16 246 254 0 0 10084 0
;跨服/仙魔斗场 kuafu16 265 266 0 0 10089 0
跨服/仙魔积分兑换 kuafu16 265 272 0 0 10090 0
; 跨服/世界BOSS排行 kuafu1 262 276 0 0 10012 0
跨服/元素特戒 kuafu16  243 257 0 0 10065 0
跨服/跑酷 kuafu16  265 254 0 0 10095 0
跨服/聚宝盆 kuafu16  243 263 0 0 10106 0





跨服/驱魔道长 kuafu17  255 253 0 0 10100 0
跨服/守棺人   kuafu17  439 316 0 0 10102 0
跨服/群雄聚会 kuafu17  260 254 0 0 10104 0
跨服/藏宝室   kuafu17  251 254 0 0 10052 0
跨服/伏魔阵大厅   kuafu17  265 258 0 0 10072 0
跨服/八卦会所 kuafu17 246 254 0 0 10084 0
;跨服/仙魔斗场 kuafu17 265 266 0 0 10089 0
跨服/仙魔积分兑换 kuafu17 265 272 0 0 10090 0
; 跨服/世界BOSS排行 kuafu1 262 276 0 0 10012 0
跨服/元素特戒 kuafu17  243 257 0 0 10065 0
跨服/跑酷 kuafu17  265 254 0 0 10095 0
跨服/聚宝盆 kuafu17  243 263 0 0 10106 0





跨服/驱魔道长 kuafu18  255 253 0 0 10100 0
跨服/守棺人   kuafu18  439 316 0 0 10102 0
跨服/群雄聚会 kuafu18  260 254 0 0 10104 0
跨服/藏宝室   kuafu18  251 254 0 0 10052 0
跨服/伏魔阵大厅   kuafu18  265 258 0 0 10072 0
跨服/八卦会所 kuafu18 246 254 0 0 10084 0
;跨服/仙魔斗场 kuafu18 265 266 0 0 10089 0
跨服/仙魔积分兑换 kuafu18 265 272 0 0 10090 0
; 跨服/世界BOSS排行 kuafu1 262 276 0 0 10012 0
跨服/元素特戒 kuafu18  243 257 0 0 10065 0
跨服/跑酷 kuafu18  265 254 0 0 10095 0
跨服/聚宝盆 kuafu18  243 263 0 0 10106 0





跨服/驱魔道长 kuafu19  255 253 0 0 10100 0
跨服/守棺人   kuafu19  439 316 0 0 10102 0
跨服/群雄聚会 kuafu19  260 254 0 0 10104 0
跨服/藏宝室   kuafu19  251 254 0 0 10052 0
跨服/伏魔阵大厅   kuafu19  265 258 0 0 10072 0
跨服/八卦会所 kuafu19 246 254 0 0 10084 0
;跨服/仙魔斗场 kuafu19 265 266 0 0 10089 0
跨服/仙魔积分兑换 kuafu19 265 272 0 0 10090 0
; 跨服/世界BOSS排行 kuafu1 262 276 0 0 10012 0
跨服/元素特戒 kuafu19  243 257 0 0 10065 0
跨服/跑酷 kuafu19  265 254 0 0 10095 0
跨服/聚宝盆 kuafu19  243 263 0 0 10106 0






跨服/驱魔道长 kuafu20  255 253 0 0 10100 0
跨服/守棺人   kuafu20  439 316 0 0 10102 0
跨服/群雄聚会 kuafu20  260 254 0 0 10104 0
跨服/藏宝室   kuafu20  251 254 0 0 10052 0
跨服/伏魔阵大厅   kuafu20  265 258 0 0 10072 0
跨服/八卦会所 kuafu20 246 254 0 0 10084 0
;跨服/仙魔斗场 kuafu20 265 266 0 0 10089 0
跨服/仙魔积分兑换 kuafu20 265 272 0 0 10090 0
; 跨服/世界BOSS排行 kuafu1 262 276 0 0 10012 0
跨服/元素特戒 kuafu20  243 257 0 0 10065 0
跨服/跑酷 kuafu20  265 254 0 0 10095 0
跨服/聚宝盆 kuafu20  243 263 0 0 10106 0



============================================================ 

;微信礼包 礼包房间 23 18 自动回城\领取礼包后 0 264 0


;会员站/充值	3	190 	140	【兑换充值】\【多倍充值】	0	264	0
;会员站/转区	3	193	140	【版本转区服务】	0	264	0
;会员站/会员BUFF	3	190	137	【会员BUFF】	0	264	0

;路费领取	3	193	137         点我领取\「五百路费」	                0            32



