CLT   24   20     0       7       11    0       0
3 176 131 0 11 11 0 0
kuafu1 254 265 0 11 11 0 0 
kuafu2 254 265 0 11 11 0 0
kuafu3 254 265 0 11 11 0 0
kuafu4 254 265 0 11 11 0 0
kuafu5 254 265 0 11 11 0 0
kuafu6 254 265 0 11 11 0 0
kuafu7 254 265 0 11 11 0 0
kuafu8 254 265 0 11 11 0 0
kuafu9 254 265 0 11 11 0 0
kuafu10 254 265 0 11 11 0 0
kuafu11 254 265 0 11 11 0 0
kuafu12 254 265 0 11 11 0 0
kuafu13 254 265 0 11 11 0 0
kuafu14 254 265 0 11 11 0 0
kuafu15 254 265 0 11 11 0 0
kuafu16 254 265 0 11 11 0 0
kuafu17 254 265 0 11 11 0 0
kuafu18 254 265 0 11 11 0 0
kuafu19 254 265 0 11 11 0 0
kuafu20 254 265 0 11 11 0 0
