651,637
651,636
651,635
651,634
651,633
651,632
651,631
651,630
651,629
651,628
651,627
651,626
651,625
650,624
649,623
648,622
647,621
646,620
645,619
644,618
643,617
642,616
641,615
640,614
639,613
638,612
637,611
636,610
635,609
634,608
633,607
632,606
631,605
630,604
629,603
628,602
627,601
626,600
625,599
624,598
624,597
624,596
624,595
624,594
624,593
624,592
624,591
624,590
624,589
624,588
624,587
624,586
624,585
624,584
624,583
624,582
624,581
624,580
624,579
624,578
624,577
624,576
624,575
624,574
624,573
624,572
624,571
624,570
624,569
624,568
624,567
624,566
624,565
624,564
624,563
624,562
624,561
624,560
624,559
624,558
623,557
622,556
621,555
621,554
621,553
621,552
621,551
620,550
619,549
618,548
617,547
616,546
615,545
614,544
614,543
614,542
614,541
613,540
612,539
611,538
610,537
609,536
609,535
609,534
609,533
609,532
609,531
609,530
609,529
609,528
609,527
609,526
609,525
609,524
609,523
610,522
611,521
612,520
613,519
614,518
615,517
616,516
617,515
618,514
619,513
620,512
621,511
622,510
623,509
624,508
625,507
624,506
623,505
622,504
621,503
620,502
619,501
618,500
617,500
616,500
615,500
614,500
613,500
612,500
611,500
610,499
609,498
608,497
607,496
606,495
605,494
604,493
603,492
602,491
601,490
600,489
599,488
598,488
597,488
596,488
595,488
594,488
593,488
592,488
591,488
590,488
589,488
588,488
587,488
586,488
585,488
584,488
583,488
582,487
581,486
580,485
579,484
578,483
577,482
576,481
575,480
574,479
573,478
572,477
571,476
570,475
569,474
568,473
567,472
566,471
565,470
564,469
563,468
562,467
561,466
560,465
559,464
558,463
557,462
556,461
555,460
554,460
553,460
552,459
551,458
550,457
549,456
548,455
547,454
546,453
545,452
544,451
543,450
542,449
541,448
540,447
539,446
538,445
537,444
536,443
535,442
534,442
533,442
532,442
531,442
530,442
529,441
528,440
527,439
526,438
525,437
524,436
523,435
522,434
521,433
520,432
519,431
518,430
517,429
516,428
515,427
514,426
513,425
512,424
511,424
510,424
509,423
508,422
507,421
506,420
505,419
504,418
503,418
502,418
501,418
500,418
499,418
498,417
497,416
496,415
495,414
494,413
493,412
492,411
491,410
490,409
489,408
488,407
487,406
486,405
485,404
484,403
483,402
482,401
481,400
480,399
479,398
478,397
477,396
476,395
475,394
474,393
473,393
472,393
471,393
470,393
469,393
468,393
467,393
466,393
465,393
464,392
463,391
462,390
461,389
460,388
459,387
458,386
457,385
456,384
455,383
454,382
453,381
452,380
451,379
450,378
449,377
448,376
447,375
446,375
445,375
444,375
443,375
442,375
441,374
440,373
439,373
438,373
437,373
436,372
435,371
434,370
433,369
432,368
431,367
430,366
429,365
428,364
427,363
426,362
425,361
424,360
423,359
422,358
421,357
420,356
419,355
418,354
417,353
416,352
415,351
414,350
413,349
412,348
411,347
410,346
409,345
408,344
407,343
406,342
405,341
404,340
403,339
402,338
401,337
400,336
399,335
398,334
397,333
396,332
395,331
394,330
393,329
392,328
391,327
390,326
389,325
388,325
387,325
386,324
385,323
384,322
383,321
382,320
381,319
380,318
379,317
378,316
377,315
376,315
375,315
374,315
373,315
372,315
371,315
370,315
369,315
368,315
367,315
366,315
365,315
364,315
363,315
362,315
361,315
360,315
359,314
358,313
357,312
356,311
355,310
354,311
353,312
352,313
351,314
350,314
349,314
348,314
347,314
346,314
345,314
344,314
343,314
342,314
341,314
340,314
339,315
338,316
337,316
336,316
335,316
334,316
333,316
332,316
331,316
330,316
329,316
328,316
327,316
326,316
325,316
324,316
323,316
322,316
321,316
320,316
319,316
318,316
317,316
316,316
315,316
314,316
313,316
312,316
311,316
310,316
309,316
308,316
307,316
306,315
305,314
304,313
303,312
302,311
301,310
300,310
299,311
298,311
297,311
296,311
295,311
294,311
293,311
292,311
291,311
290,311
289,311
288,311
287,312
286,313
285,314
284,315
283,316
282,317
281,318
280,319
279,320
278,321
277,322
276,323
275,324
274,325
273,326
272,327
271,328
270,329
269,330
268,331
267,331
266,331
265,331
264,331
263,331
262,331
261,331
260,331
259,331
258,331
257,331
256,331
255,331
254,330
253,329
252,329
251,329
250,329
249,329
248,329
247,329
246,329
245,329
244,329
243,329
242,329
241,329
240,329
239,329
238,329
237,329
236,329
235,329
234,329
233,329
232,329
231,329
230,329
229,329
228,329
227,329
226,329
225,329
224,329
223,329
222,329
221,329
220,329
219,329
218,329
217,329
216,329
215,329
214,329
213,329
212,329
211,329
210,328
209,327
208,326
207,325
206,325
205,325
204,325
203,325
202,325
201,325
200,325
199,325
198,325
197,325
196,325
195,325
194,325
193,325
192,325
191,325
190,325
189,325
188,325
187,325
186,325
185,325
184,325
183,325
182,325
181,325
180,325
179,324
178,324
177,324
176,324
175,324
174,324
173,324
172,324
171,324
170,324
169,324
168,324
167,324
166,324
165,323
164,322
163,321
162,320
161,320
160,320
159,320
158,320
157,320
156,320
155,320
154,320
153,320
152,320
151,319
150,318
149,319
148,319
147,319
146,319
145,319
144,319
143,319
142,319
141,319
140,319
139,319
138,319
137,319
136,319
135,319
134,319
133,318
132,317
131,316
132,316
133,316
134,316
135,316
136,316
137,315
138,314
139,313
140,312
141,311
142,310
143,309
144,308
145,307
146,306
147,305
148,304
149,303
150,302
151,301
152,300
153,299
154,298
155,297
156,296
157,295
158,294
159,293
160,292
161,291
162,290
163,289
164,288
165,287
166,286
167,285
168,284
169,283
170,282
171,281
172,280
173,279
174,278
175,277
176,276
177,275
178,274
179,274
180,274
181,273
182,273
183,272
184,271
185,271
186,271
187,271
188,270
189,269
189,268
190,267
191,266
192,265
193,264
194,263
195,262
196,261
197,260
198,259
199,258
200,257
201,256
202,255
203,254
204,253
205,252
206,251
207,250
208,249
209,248
210,247
211,246
212,245
213,244
214,243
215,242
216,241
217,240
218,239
219,238
220,237
221,236
222,235
223,234
224,233
225,232
226,231
227,230
228,229
229,228
230,227
231,226
232,225
233,224
234,223
235,222
236,221
237,220
238,219
239,218
240,217
241,216
242,215
243,214
244,213
245,212
246,211
247,210
248,209
249,208
250,207
251,206
252,205
253,204
254,203
255,202
256,201
257,200
258,199
259,198
260,197
261,196
262,195
263,194
264,194
265,195
266,196
267,197
268,198
269,199
270,200
271,201
272,202
273,203
274,204
275,205
276,206
277,207
278,208
279,209
280,210
281,211
282,212
283,213
284,214
285,215
286,216
287,217
288,218
289,218
290,218
291,218
292,217
293,216
293,215
293,214
293,213
294,212
295,211
296,210
297,209
298,208
299,207
300,206
301,205
302,204
303,204
304,204
305,205
306,206
307,207
308,207
309,207
310,207
311,207
312,207
313,207
314,207
315,207
316,207
317,207
318,207
319,207
320,207
321,207
322,208
323,209
324,209
325,210
326,211
327,212
328,211
329,210
330,209
331,208
332,207
333,206
334,205
335,204
336,203
337,202
338,201
339,200
340,199
341,198
342,197
343,196
344,196
345,196
344,197
343,198
342,199
341,200
340,201
339,202
338,203
337,204
336,205
335,205
334,206
333,207
332,208
331,209
330,210
329,211
328,212
328,213
328,214
328,215
328,216
328,217
329,218
330,219
331,220
332,221
333,221
334,221
335,221
336,221
337,221
338,222
339,222
340,222
341,222
342,223
343,224
344,225
345,226
346,227
347,227
348,227
349,227
350,228
351,227
352,226
353,225
354,224
355,223
356,222
357,221
358,220
359,219
360,218
361,217
362,216
363,215
364,214
365,213
366,212
367,211
368,210
369,209
370,208
371,207
372,206
373,205
374,204
375,203
376,202
377,201
378,200
379,199
380,198
381,197
382,196
383,195
384,195
385,195
386,195
387,195
388,195
389,194
390,194
391,194
392,194
393,194
394,194
395,194
396,194
397,194
398,193
399,192
400,191
401,190
402,189
402,188
403,187
404,186
405,185
406,184
407,183
408,182
409,181
410,180
411,179
412,178
413,177
414,176
415,175
416,174
417,173
418,172
419,171
420,170
421,169
422,168
423,167
424,166
425,165
426,164
427,163
428,162
429,161
430,160
431,159
432,158
433,157
434,156
435,155
436,154
437,153
438,152
439,151
440,150
441,149
442,148
443,147
444,146
445,145
446,144
447,143
448,142
449,141
450,140
451,139
452,138
453,137
454,136
455,135
456,134
457,133
458,132
459,131
460,130
461,129
462,128
463,127
464,126
465,125
466,125
467,125
468,125
469,125
470,125
471,125
472,125
473,125
474,125
475,125
476,125
477,125
478,125
479,125
480,125
481,125
482,125
483,125
484,125
485,125
486,125
487,125
488,125
489,125
490,125
491,125
492,125
493,125
494,125
495,125
496,125
497,125
498,125
499,125
500,125
501,125
502,125
503,125
504,125
505,125
506,125
507,125
508,125
509,125
510,125
511,125
512,125
513,125
514,125
515,125
516,125
517,125
518,125
519,125
520,125
521,125
522,125
523,125
524,125
525,125
526,125
527,125
528,125
529,125
530,125
531,125
532,125
533,125
534,125
535,125
536,125
537,125
538,125
539,124
540,123
541,122
542,121
543,120
544,119
545,118
546,117
547,116
548,116
549,116
550,116
551,116
552,116
553,116
554,116
555,116
556,116
557,116
558,116
559,116
560,116
561,116
562,116
563,116
564,116
565,116
566,116
567,116
568,116
569,116
570,116
571,116
572,116
573,116
574,116
575,116
576,116
577,116
578,116
579,116
580,116
581,116
582,116
583,116
584,116
585,116
586,116
587,116
588,116
589,116
590,116
591,116
592,116
593,116
594,116
595,116
596,116
597,116
598,116
599,116
600,116
601,116
602,116
603,116
604,116
605,116
606,116
607,116
608,116
609,115
610,114
611,113
612,112
613,112
614,112
615,112
616,112
617,112
618,112
619,112
620,112
621,112
622,112
623,112
624,112
625,112
626,112
627,112
628,112
629,112
630,112
631,112
632,112
633,112
634,112
635,112
636,112
637,112
638,112
639,112
640,112
641,112
642,112
643,112
644,112
645,112
646,112
647,112
648,112
649,112
650,112
651,112
651,113
651,114
651,115
651,116
651,117
651,118
651,119
651,120
651,121
651,122
651,123
651,124
651,125
651,126
651,127
651,128
651,129
651,130
651,131
651,132
651,133
651,134
650,135
649,136
648,137
648,138
648,139
648,140
648,141
648,142
648,143
648,144
648,145
648,146
648,147
648,148
648,149
648,150
648,151
648,152
648,153
648,154
648,155
648,156
648,157
648,158
648,159
648,160
648,161
648,162
648,163
648,164
648,165
648,166
648,167
648,168
648,169
648,170
648,171
648,172
647,173
647,174
647,175
647,176
647,177
647,178
647,179
647,180
647,181
647,182
647,183
647,184
647,185
647,186
647,187
647,188
647,189
647,190
647,191
647,192
647,193
647,194
647,195
647,196
647,197
647,198
647,199
647,200
647,201
647,202
647,203
647,204
647,205
647,206
647,207
647,208
647,209
647,210
647,211
647,212
647,213
647,214
647,215
647,216
647,217
647,218
647,219
647,220
647,221
647,222
647,223
647,224
647,225
647,226
647,227
647,228
647,229
647,230
647,231
647,232
647,233
647,234
647,235
647,236
647,237
647,238
647,239
647,240
647,241
647,242
647,243
647,244
647,245
647,246
647,247
647,248
647,249
647,250
647,251
647,252
647,253
647,254
647,255
647,256
647,257
647,258
647,259
647,260
646,261
646,262
646,263
645,264
644,265
644,266
644,267
644,268
644,269
644,270
644,271
644,272
644,273
644,274
644,275
644,276
644,277
644,278
644,279
644,280
644,281
644,282
644,283
644,284
644,285
644,286
644,287
644,288
644,289
644,290
643,291
643,292
643,293
643,294
643,295
643,296
643,297
643,298
643,299
643,300
643,301
643,302
643,303
643,304
643,305
643,306
643,307
643,308
643,309
643,310
643,311
643,312
643,313
643,314
643,315
643,316
643,317
643,318
643,319
643,320
643,321
643,322
643,323
643,324
643,325
643,326
643,327
643,328
643,329
643,330
643,331
643,332
643,333
643,334
643,335
643,336
643,337
643,338
643,339
643,340
643,341
643,342
643,343
643,344
643,345
643,346
643,347
643,348
643,349
643,350
643,351
643,352
643,353
643,354
643,355
643,356
643,357
643,358
643,359
643,360
643,361
643,362
643,363
643,364
643,365
643,366
642,367
642,368
641,369
640,370
640,371
640,372
640,373
640,374
640,375
640,376
640,377
640,378
639,379
639,380
639,381
639,382
639,383
639,384
639,385
639,386
639,387
639,388
639,389
639,390
639,391
639,392
639,393
639,394
639,395
639,396
639,397
639,398
639,399
639,400
639,401
639,402
639,403
639,404
639,405
639,406
639,407
639,408
639,409
639,410
639,411
639,412
639,413
639,414
639,415
639,416
639,417
639,418
639,419
639,420
639,421
639,422
639,423
639,424
639,425
639,426
639,427
639,428
639,429
639,430
639,431
639,432
639,433
639,434
639,435
639,436
639,437
638,438
637,439
636,440
635,441
634,442
633,443
632,444
631,445
630,446
629,447
628,448
627,449
626,450
625,451
624,452
623,453
622,454
621,455
620,456
619,457
618,458
617,459
617,460
617,461
616,462
615,463
614,464
613,465
612,466
611,467
610,468
609,469
609,470
609,471
608,472
607,473
606,474
605,475
604,476
603,477
602,478
601,479
600,480
599,481
598,482
597,483
596,484
595,485
594,486
593,487
592,488
591,489
590,490
589,491
588,492
587,493
586,494
585,495
584,496
583,497
582,498
582,499
582,500
582,501
582,502
582,503
581,504
580,505
579,506
578,507
577,508
576,509
575,510
574,511
573,512
572,513
571,514
570,515
569,516
568,517
567,518
566,519
565,520
564,521
563,522
562,523
561,524
560,525
559,526
558,527
557,528
556,529
555,530
554,531
553,532
552,533
551,534
550,535
549,536
548,537
547,538
546,539
545,540
544,541
543,542
542,543
541,544
540,545
539,546
539,547
539,548
539,549
539,550
538,551
537,552
536,553
535,554
534,555
534,556
533,557
532,558
531,559
530,560
529,561
529,562
529,563
529,564
529,565
529,566
529,567
529,568
529,569
529,570
529,571
529,572
529,573
529,574
529,575
529,576
529,577
529,578
529,579
529,580
529,581
528,582
527,583
526,584
525,585
524,586
523,587
522,588
521,589
520,590
519,591
518,592
517,593
516,594
515,595
514,596
513,597
512,598
511,599
510,600
509,601
508,602
507,603
506,604
505,605
504,606
503,607
502,608
501,609
500,610
499,611
498,612
497,613
496,614
495,615
494,616
493,617
492,618
491,619
490,620
489,621
488,622
487,623
486,624
485,625
484,626
484,625
484,624
483,623
482,622
481,621
481,620
481,619
481,618
481,617
481,616
481,615
480,614
479,613
478,612
477,611
476,610
475,609
474,608
473,607
472,606
471,605
470,604
469,603
468,603
467,602
466,601
465,600
464,599
463,598
462,597
461,596
460,595
459,594
458,593
457,592
456,591
455,590
454,589
453,588
452,587
451,586
450,585
450,584
450,583
449,582
448,581
447,580
446,579
445,578
444,577
443,576
442,575
441,574
440,573
439,572
439,571
439,570
438,569
437,568
436,567
435,566
434,565
433,564
432,563
431,562
430,561
429,560
428,559
427,558
426,557
425,556
424,555
423,554
423,553
422,552
421,551
420,550
419,549
418,548
417,547
416,546
415,545
414,544
413,543
413,542
413,541
412,540
411,539
410,538
409,537
408,536
408,535
408,534
408,533
407,532
406,531
405,530
404,529
403,528
402,527
401,526
400,525
399,524
398,523
397,522
396,521
395,520
394,519
393,518
393,517
392,516
391,515
390,514
389,513
388,512
387,511
386,510
385,509
384,508
383,507
382,506
381,505
380,504
379,503
378,502
377,501
376,500
375,499
374,498
373,497
372,496
371,495
370,494
369,493
368,492
367,493
366,494
365,495
364,496
363,497
362,498
361,499
360,500
359,501
358,502
357,503
356,504
355,505
354,506
353,507
352,508
351,509
350,510
349,511
348,512
347,513
346,514
345,515
344,516
344,517
344,518
344,519
344,520
343,521
342,522
341,523
340,524
339,525
338,526
337,527
336,528
336,529
336,530
336,531
336,532
336,533
336,534
336,535
336,536
336,537
336,538
336,539
336,540
336,541
336,542
336,543
336,544
336,545
336,546
336,547
336,548
336,549
336,550
336,551
336,552
336,553
336,554
336,555
336,556
336,557
336,558
336,559
336,560
336,561
336,562
336,563
336,564
336,565
336,566
336,567
336,568
336,569
336,570
335,571
334,572
333,573
333,574
333,575
333,576
333,577
333,578
333,579
333,580
333,581
333,582
333,583
333,584
333,585
333,586
333,587
333,588
333,589
333,590
333,591
333,592
333,593
333,594
333,595
333,596
333,597
333,598
333,599
333,600
333,601
333,602
332,603
331,604
330,605
329,606
328,607
327,608
326,609
325,610
324,611
323,612
322,613
321,614
320,615
319,616
318,617
317,618
316,618
315,618
314,618
313,618
312,618
311,618
310,618
309,618
308,618
307,617
306,616
305,615
304,615
303,615
302,615
301,615
300,615
299,615
298,615
297,615
296,616
295,617
294,618
293,618
292,618
291,618
292,617
293,617
294,616
295,615
296,615
297,615
298,615
299,615
300,615
301,615
302,615
303,615
304,615
305,615
306,615
307,615
308,616
309,617
310,618
311,618
312,617
313,616
314,615
315,614
316,613
317,612
318,611
319,611
320,611
321,611
322,611
323,611
324,611
325,610
326,609
327,608
328,607
329,606
329,605
329,604
329,603
329,602
329,601
329,600
329,599
329,598
329,597
329,596
329,595
329,594
329,593
329,592
329,591
329,590
329,589
329,588
329,587
329,586
329,585
329,584
329,583
329,582
329,581
329,580
329,579
328,578
328,577
328,576
328,575
328,574
328,573
328,572
328,571
328,570
328,569
328,568
328,567
328,566
328,565
328,564
328,563
328,562
328,561
328,560
328,559
328,558
328,557
328,556
328,555
328,554
328,553
328,552
328,551
328,550
328,549
328,548
328,547
328,546
328,545
328,544
328,543
328,542
327,541
326,540
325,539
324,538
323,537
322,536
321,535
320,534
319,533
318,532
317,531
316,530
315,529
314,528
313,527
312,526
311,525
310,524
309,523
308,522
307,521
306,520
305,519
304,518
303,517
302,516
301,515
300,514
299,513
298,512
297,511
296,510
295,509
294,508
293,507
292,506
291,505
290,504
289,503
288,502
287,501
286,500
285,499
284,498
283,497
282,496
281,495
280,494
280,493
280,492
280,491
280,490
280,489
280,488
280,487
280,486
280,485
280,484
280,483
280,482
280,481
280,480
280,479
280,478
280,477
280,476
280,475
280,474
280,473
280,472
280,471
280,470
280,469
280,468
280,467
280,466
280,465
280,464
280,463
280,462
280,461
280,460
280,459
280,458
280,457
280,456
280,455
280,454
280,453
280,452
280,451
280,450
280,449
280,448
280,447
280,446
280,445
280,444
280,443
280,442
280,441
280,440
280,439
280,438
280,437
280,436
280,435
280,434
280,433
280,432
280,431
280,430
280,429
280,428
280,427
280,426
280,425
280,424
280,423
280,422
280,421
280,420
280,419
280,418
280,417
280,416
280,415
280,414
280,413
280,412
280,411
280,410
280,409
280,408
280,407
280,406
280,405
280,404
280,403
280,402
280,401
280,400
280,399
280,398
280,397
280,396
280,395
280,394
280,393
280,392
280,391
280,390
280,389
280,388
280,387
280,386
280,385
280,384
280,383
280,382
280,381
280,380
280,379
280,378
280,377
280,376
280,375
280,374
280,373
280,372
280,371
280,370
280,369
280,368
280,367
280,366
280,365
280,364
280,363
280,362
280,361
280,360
280,359
280,358
280,357
280,356
280,355
280,354
280,353
280,352
280,351
280,350
280,349
280,348
279,347
278,346
277,345
276,344
275,343
274,342
273,341
272,340
271,339
270,338
269,337
268,336
267,335
266,334
265,333
264,332
263,331
262,330
261,329
261,328
260,327
259,326
258,325
257,324
256,323
255,322
254,321
253,320
252,319
251,318
250,317
249,316
248,315
247,314
246,313
245,312
244,311
243,310
242,309
241,308
240,307
239,306
238,305
237,304
236,303
235,302
234,301
233,300
232,299
231,298
230,297
229,296
228,295
227,294
226,293
225,292
224,291
223,290
222,289
221,288
220,287
219,286
218,285
217,284
216,283
215,282
214,281
213,280
212,279
211,278
210,277
209,276
208,275
207,274
206,273
205,272
204,271
203,270
202,269
201,268
200,267
199,266
198,265
197,264
196,263
196,262
196,261
196,260
196,259
196,258
196,257
196,256
196,255
196,254
196,253
196,252
195,251
194,250
193,249
192,248
191,247
191,246
191,245
191,244
191,243
191,242
191,241
191,240
191,239
191,238
191,237
191,236
191,235
191,234
191,233
191,232
191,231
191,230
191,229
191,228
191,227
191,226
191,225
191,224
191,223
191,222
191,221
191,220
191,219
191,218
191,217
191,216
191,215
191,214
191,213
191,212
191,211
191,210
191,209
191,208
191,207
191,206
191,205
191,204
191,203
191,202
191,201
191,200
191,199
191,198
191,197
191,196
191,195
191,194
191,193
191,192
191,191
191,190
191,189
191,188
191,187
191,186
191,185
191,184
191,183
191,182
191,181
191,180
190,179
189,178
188,177
187,176
186,175
185,174
184,173
183,172
182,171
181,170
181,169
181,168
180,167
179,166
178,165
177,164
176,163
175,162
174,161
173,160
172,159
171,158
170,157
169,156
168,155
167,154
167,153
167,152
167,151
166,150
165,149
164,148
163,147
162,146
161,145
160,144
159,143
158,142
157,141
156,140
155,139
154,138
153,137
152,136
151,135
150,134
149,133
148,132
147,131
146,130
145,129
144,128
143,127
142,126
141,125
140,124
139,123
138,122
137,121
136,120
135,119
134,118
133,117
132,116
131,115
130,114
129,113
128,112
127,111
126,110
125,109
124,108
123,107
122,106
121,105
120,104
119,103
118,102
117,101
116,100
115,99
114,98
113,97
112,96
111,95
110,94
109,93
