329,263
330,264
330,265
330,266
330,267
330,268
330,269
329,270
328,271
327,272
326,273
325,274
324,275
323,276
322,277
321,278
320,279
319,280
318,281
317,282
316,283
315,284
314,285
313,286
312,287
311,288
310,289
309,290
308,291
307,292
306,293
305,294
304,295
303,296
302,297
301,298
300,299
299,300
298,301
297,302
296,303
295,304
294,305
293,306
292,307
291,308
290,309
289,310
288,311
287,312
286,313
285,314
284,315
283,316
282,317
281,318
280,319
279,320
278,321
277,322
276,323
275,324
274,325
273,326
272,327
271,328
270,329
269,330
268,331
267,332
266,333
265,334
264,335
263,336
262,337
261,338
260,339
259,340
258,341
257,342
256,343
255,344
254,345
253,346
252,347
251,348
250,349
249,350
248,351
247,352
246,353
245,354
244,355
243,356
242,357
241,358
240,359
239,360
238,361
237,362
236,363
235,364
234,365
233,366
232,367
231,368
230,369
229,370
228,371
227,372
226,373
225,374
224,375
223,376
222,377
221,378
220,379
219,380
218,381
217,382
216,383
215,384
214,385
214,386
214,387
214,388
213,389
212,390
211,391
210,392
209,393
208,394
207,395
206,396
205,397
204,398
203,399
202,400
201,401
200,402
199,403
198,404
197,405
196,406
195,407
194,408
193,409
192,410
191,411
190,412
189,413
188,414
187,415
186,416
185,417
184,418
183,419
182,420
181,421
180,422
179,423
178,424
177,425
176,426
175,427
174,428
173,429
172,430
171,431
170,432
169,433
168,434
167,435
166,436
165,437
164,438
163,439
162,440
161,441
160,442
159,443
158,444
157,445
156,446
155,447
154,448
154,449
154,450
153,451
152,452
151,453
150,454
149,455
148,456
148,457
148,458
148,459
148,460
147,461
146,462
145,463
144,464
144,463
144,462
144,461
144,460
144,459
144,458
143,457
142,456
142,455
142,454
142,453
142,452
142,451
142,450
142,449
142,448
142,447
142,446
142,445
142,444
142,443
142,442
142,441
142,440
142,439
142,438
142,437
142,436
142,435
142,434
142,433
142,432
142,431
142,430
142,429
142,428
142,427
142,426
142,425
142,424
142,423
142,422
142,421
142,420
142,419
142,418
142,417
142,416
142,415
142,414
142,413
142,412
142,411
142,410
142,409
142,408
142,407
142,406
142,405
142,404
142,403
142,402
142,401
142,400
142,399
142,398
142,397
142,396
142,395
142,394
142,393
142,392
142,391
142,390
142,389
141,388
140,387
139,386
139,385
139,384
139,383
139,382
139,381
139,380
139,379
139,378
139,377
139,376
139,375
139,374
138,373
137,372
136,371
135,370
134,369
133,368
132,367
132,366
132,365
132,364
132,363
132,362
132,361
132,360
132,359
132,358
132,357
132,356
131,355
130,354
130,353
130,352
130,351
130,350
130,349
130,348
130,347
130,346
130,345
130,344
130,343
130,342
130,341
130,340
130,339
130,338
130,337
130,336
130,335
130,334
130,333
130,332
130,331
130,330
130,329
130,328
130,327
130,326
130,325
130,324
130,323
130,322
130,321
130,320
130,319
130,318
130,317
130,316
130,315
130,314
130,313
130,312
130,311
130,310
130,309
130,308
130,307
130,306
130,305
130,304
130,303
130,302
130,301
130,300
130,299
130,298
130,297
130,296
130,295
130,294
130,293
130,292
130,291
130,290
130,289
130,288
130,287
130,286
130,285
130,284
130,283
130,282
130,281
130,280
130,279
130,278
130,277
130,276
130,275
130,274
130,273
130,272
130,271
130,270
130,269
130,268
130,267
130,266
130,265
130,264
130,263
130,262
130,261
130,260
130,259
130,258
130,257
130,256
130,255
130,254
130,253
130,252
130,251
130,250
130,249
130,248
130,247
130,246
130,245
130,244
130,243
130,242
130,241
130,240
130,239
130,238
130,237
130,236
130,235
130,234
130,233
130,232
130,231
130,230
130,229
130,228
130,227
130,226
130,225
130,224
130,223
129,222
128,221
127,220
127,219
127,218
127,217
127,216
127,215
126,214
125,213
124,212
123,211
123,210
123,209
123,208
123,207
123,206
123,205
123,204
123,203
123,202
123,201
123,200
123,199
123,198
123,197
123,196
123,195
123,194
122,193
121,192
120,191
120,190
120,189
120,188
120,187
120,186
120,185
120,184
120,183
120,182
120,181
120,180
120,179
120,178
120,177
120,176
120,175
120,174
120,173
119,172
118,171
117,170
116,169
115,168
115,167
115,166
115,165
115,164
115,163
115,162
115,161
115,160
115,159
115,158
115,157
115,156
115,155
115,154
115,153
114,152
113,151
113,150
113,149
113,148
113,147
113,146
113,145
113,144
113,143
113,142
113,141
113,140
113,139
113,138
113,137
113,136
113,135
113,134
113,133
113,132
113,131
113,130
113,129
113,128
113,127
112,126
111,125
110,124
109,123
109,122
109,121
109,120
109,119
109,118
109,117
109,116
109,115
109,114
109,113
109,112
108,111
107,110
106,109
105,108
106,108
107,108
108,108
109,108
110,108
111,108
112,108
113,108
114,108
115,108
116,108
117,108
118,108
119,108
120,108
121,108
122,108
123,108
124,108
125,108
126,108
127,108
128,108
129,108
130,108
131,108
132,108
133,108
134,108
135,108
136,108
137,108
138,108
139,108
140,108
141,109
142,109
143,109
144,109
145,109
146,109
147,109
148,109
149,109
150,109
151,109
152,109
153,109
154,109
155,109
156,109
157,109
158,109
159,109
160,109
161,109
162,109
163,109
164,109
165,109
166,109
167,109
168,109
169,109
170,109
171,109
172,109
173,109
174,110
175,111
176,112
177,113
178,114
179,115
180,116
181,117
182,118
183,119
184,120
185,121
186,122
187,123
188,124
189,125
190,126
191,127
192,128
193,129
194,130
195,131
196,132
197,133
198,134
199,134
200,134
201,134
202,135
203,136
204,136
205,136
206,137
207,138
208,139
209,140
210,141
211,142
212,143
213,144
214,145
215,146
216,147
217,148
218,149
219,150
220,151
221,152
222,153
223,154
224,155
225,156
226,157
227,158
228,159
229,160
230,161
231,162
232,163
233,164
234,165
235,166
236,167
237,168
238,169
239,170
240,171
241,172
242,173
243,174
244,175
245,176
246,177
247,178
248,179
249,180
250,181
251,182
252,183
253,184
254,185
255,186
256,187
257,188
258,189
259,190
260,191
261,192
262,193
263,194
264,195
265,196
266,197
267,198
268,199
269,200
270,201
271,202
272,203
273,204
274,205
275,206
276,207
277,208
278,209
279,210
280,211
281,212
282,213
283,214
284,215
285,216
286,217
286,218
286,219
286,220
286,221
286,222
287,223
288,224
289,225
290,226
291,227
292,228
293,229
293,230
294,231
295,232
296,233
297,234
298,235
299,236
300,237
301,238
302,239
303,240
303,241
303,242
303,243
303,244
303,245
303,246
303,247
303,248
303,249
304,250
305,251
306,252
306,253
306,254
306,255
306,256
306,257
306,258
306,259
306,260
306,261
306,262
306,263
307,264
307,265
307,266
307,267
307,268
308,269
309,270
309,271
310,272
311,273
312,274
313,275
314,276
315,277
316,278
317,279
318,280
318,281
318,282
318,283
318,284
318,285
318,286
318,287
318,288
318,289
318,290
318,291
319,292
320,293
321,294
322,295
323,296
324,297
324,298
324,299
324,300
324,301
324,302
324,303
324,304
324,305
325,306
326,307
327,308
327,309
327,310
327,311
327,312
327,313
327,314
328,315
329,316
330,317
331,318
332,319
332,320
332,321
332,322
332,323
332,324
332,325
332,326
332,327
332,328
332,329
332,330
332,329
333,328
334,327
335,326
336,325
337,324
338,323
339,322
340,322
341,322
342,322
343,322
344,322
345,322
346,322
347,322
348,322
349,322
350,322
351,322
352,322
353,322
354,322
355,322
356,322
357,322
358,322
359,322
360,322
361,323
362,322
363,322
364,322
365,322
366,322
367,321
368,320
369,319
370,318
371,317
372,316
373,315
374,315
375,315
376,315
377,315
378,315
379,315
380,315
381,315
382,316
383,317
384,318
385,319
386,320
387,321
388,322
389,323
390,324
391,325
392,326
393,327
394,328
395,329
396,330
397,331
398,332
399,333
400,334
401,335
402,336
403,335
404,334
405,333
406,332
407,331
408,330
409,329
410,328
411,327
412,326
413,325
414,324
415,323
416,322
417,321
418,320
419,319
420,318
421,317
422,316
423,315
424,314
425,313
426,312
427,311
428,310
429,309
430,308
431,307
432,306
433,305
434,304
435,303
436,302
437,301
438,300
439,299
440,299
441,299
442,298
443,297
444,296
445,295
446,294
447,293
448,292
449,291
450,290
451,289
452,288
453,287
454,286
455,285
456,284
457,283
458,282
459,281
460,280
461,279
462,278
463,277
464,276
465,275
466,274
467,273
468,272
469,272
470,271
471,270
472,269
473,268
474,267
475,266
476,265
477,264
478,263
479,262
480,262
481,262
482,262
483,262
484,262
485,262
486,262
487,262
488,262
489,262
490,262
491,261
492,261
493,261
494,261
495,261
496,261
497,261
498,261
499,261
500,261
501,261
502,261
503,260
504,259
505,258
506,258
507,258
508,258
509,258
510,258
511,258
512,258
513,258
514,258
515,258
516,258
517,258
518,258
519,258
520,258
521,258
522,258
523,258
524,258
525,258
526,258
527,258
528,258
529,258
530,258
531,257
532,257
533,257
534,257
535,257
536,257
537,257
538,257
539,257
540,257
541,257
542,256
543,255
544,254
545,254
546,254
547,254
548,253
549,252
550,252
551,252
552,252
553,252
554,252
555,251
556,250
557,249
558,249
559,249
560,249
561,249
562,249
563,249
564,249
565,249
566,249
567,249
568,249
569,248
570,247
571,246
572,245
573,245
574,245
575,245
576,245
577,245
578,245
579,245
580,245
581,245
582,245
583,245
584,245
585,244
586,243
587,242
588,242
589,242
590,242
591,242
592,242
593,242
594,242
595,241
596,241
597,241
598,241
599,241
600,241
601,241
602,241
603,241
604,241
605,241
606,241
607,241
608,241
609,241
610,241
611,241
612,241
613,241
614,241
615,241
616,241
617,241
618,241
619,241
620,241
621,241
622,241
623,241
624,241
625,241
626,241
627,241
628,241
629,241
630,241
631,241
632,241
633,241
634,241
635,241
636,241
637,241
638,240
639,239
640,238
641,238
642,238
643,238
644,238
645,238
646,238
647,238
648,238
649,238
650,238
651,238
652,238
653,237
652,238
651,238
650,238
649,238
648,238
647,238
646,238
645,238
644,238
643,238
642,238
641,238
640,238
639,237
638,236
637,235
636,235
635,235
634,235
633,235
632,235
631,235
630,235
629,235
628,235
627,235
626,235
625,235
624,235
623,235
622,235
621,235
620,235
619,235
618,235
617,235
616,235
615,235
614,235
613,235
612,235
611,235
610,235
609,235
608,235
607,235
606,235
605,235
604,235
603,235
602,235
601,235
600,235
599,235
598,235
597,235
596,235
595,235
594,235
593,235
592,235
591,235
590,235
589,235
588,235
587,235
586,235
585,235
584,235
583,235
582,235
581,235
580,235
579,235
578,235
577,235
576,235
575,235
574,235
573,235
572,235
571,235
570,235
569,235
568,235
567,235
566,235
565,235
564,235
563,235
562,235
561,234
560,233
559,232
558,231
557,231
556,231
555,231
554,230
553,229
552,228
551,227
550,226
549,225
548,225
547,225
546,225
545,225
544,225
543,225
542,225
541,225
540,225
539,225
538,225
537,225
536,225
535,225
534,225
533,225
532,225
531,225
530,225
529,225
528,225
527,225
526,225
525,225
524,225
523,225
522,225
521,225
520,225
519,225
518,225
517,225
516,225
515,225
514,225
513,225
512,225
511,225
510,225
509,225
508,225
507,225
506,225
505,225
504,225
503,225
502,225
501,224
500,223
499,223
498,223
497,223
496,223
495,223
494,223
493,223
492,223
491,223
490,223
489,223
488,223
487,223
486,223
485,223
484,223
483,223
482,223
481,223
480,223
479,223
478,223
477,223
476,223
475,223
474,222
473,221
472,220
471,219
470,218
469,217
468,216
467,215
466,214
465,213
464,212
463,211
462,210
461,209
460,208
459,207
458,206
457,205
456,204
455,203
454,202
453,201
452,200
451,199
450,198
449,197
448,196
447,195
446,194
445,193
444,192
443,191
442,190
441,189
440,188
439,187
438,186
437,185
436,184
435,183
434,182
433,181
432,180
431,179
430,178
429,177
428,176
427,175
426,174
425,173
424,172
423,171
422,170
421,169
420,170
419,171
418,172
417,173
416,174
415,175
414,176
413,177
412,178
411,179
410,180
409,181
409,182
408,183
407,184
406,185
405,186
404,187
403,188
402,189
401,190
400,191
399,192
398,193
397,194
396,195
395,196
394,197
393,198
392,199
391,200
390,200
389,201
388,202
387,203
386,204
385,205
384,206
383,207
382,208
381,209
380,210
379,211
378,212
377,213
376,214
375,215
374,216
373,217
372,218
371,219
370,220
369,221
368,222
367,223
366,224
365,224
364,224
363,224
362,224
361,224
360,224
359,224
358,224
357,224
356,225
355,226
354,227
353,228
352,228
351,228
350,228
349,228
348,228
347,228
346,228
345,228
344,228
343,228
342,228
341,228
340,228
339,228
338,228
337,228
336,228
335,228
334,228
333,228
332,228
331,228
330,227
329,226
328,225
327,224
326,223
325,222
324,221
323,220
322,219
321,219
320,220
319,221
318,221
317,222
316,223
315,224
314,225
313,226
312,227
311,228
310,228
309,228
308,228
307,228
306,228
305,228
304,228
303,228
302,228
301,228
300,228
299,228
298,227
297,226
296,226
295,225
294,224
293,223
292,222
291,221
290,220
289,219
288,219
287,218
286,217
285,216
284,215
283,214
282,213
281,212
280,211
279,210
278,209
277,208
276,207
275,206
274,205
273,204
272,203
271,202
270,201
269,200
268,199
267,198
266,197
265,196
264,195
263,194
262,194
261,194
260,194
259,194
258,194
257,194
256,194
255,194
254,194
253,194
252,194
251,194
250,194
249,194
248,194
247,194
246,194
245,194
244,194
243,194
242,194
241,194
240,194
239,194
238,194
237,194
236,194
235,194
234,194
233,194
232,194
231,194
230,194
229,194
228,194
227,194
226,194
225,194
224,194
223,194
222,194
221,194
220,194
219,194
218,194
217,194
216,194
215,194
214,194
213,194
212,194
211,194
210,194
209,194
208,194
207,194
206,194
205,194
204,194
203,194
202,194
201,194
200,194
199,194
198,194
197,194
196,193
195,194
194,194
193,194
192,194
191,194
190,194
189,194
188,194
187,194
186,194
185,194
184,194
183,194
182,194
181,194
180,194
179,194
178,194
177,193
176,194
175,194
174,194
173,195
172,195
171,195
170,195
169,195
168,195
167,195
166,195
165,195
164,195
163,195
162,195
161,195
160,195
159,195
158,195
157,195
156,195
155,195
154,195
153,195
152,195
151,195
150,195
149,195
148,195
147,195
146,195
145,195
144,195
143,195
142,195
141,195
140,195
139,195
138,195
137,195
136,195
135,195
134,195
133,195
132,195
131,195
130,195
129,195
128,195
127,195
126,195
125,195
124,195
123,195
122,195
121,195
120,195
119,195
118,195
117,195
116,195
115,195
114,195
113,195
112,195
111,195
110,195
109,195
108,195
107,195
106,195
105,195
104,195
103,195
102,195
101,195
100,195
99,195
98,195
97,195
96,195
95,195
94,195
93,195
92,195
91,195
90,195
89,195
88,195
87,195
86,195
85,194
84,193
83,192
82,192
81,192
80,192
79,192
78,192
77,192
76,192
75,192
74,192
73,191
74,190
75,189
76,188
77,187
78,187
79,187
80,186
81,185
82,184
83,183
84,182
85,181
86,180
87,179
88,178
89,177
90,176
91,175
92,174
93,173
94,172
95,171
96,170
97,169
98,168
99,167
100,166
101,165
102,164
103,163
104,162
105,161
106,160
107,159
108,158
109,157
110,156
111,155
112,154
113,153
114,153
115,153
116,153
117,152
118,151
119,150
120,149
121,148
122,148
123,148
124,148
125,147
126,146
127,145
128,144
129,143
130,142
131,141
132,140
133,139
134,138
135,137
136,136
137,135
138,135
139,135
140,135
141,135
142,134
143,133
144,132
145,131
146,130
147,129
148,128
149,127
150,126
151,125
152,124
153,123
154,123
155,123
156,122
157,121
158,120
159,119
160,118
161,117
162,116
163,115
164,114
165,113
166,112
167,111
168,110
169,109
170,108
171,107
172,106
173,105
174,104
175,103
176,102
177,101
178,100
179,99
180,98
181,97
182,96
183,95
184,94
185,93
186,92
187,91
188,90
189,89
190,88
191,87
192,86
193,85
194,84
195,83
196,82
197,81
198,80
199,80
200,80
201,79
202,78
203,77
204,76
205,75
206,74
207,73
208,72
209,71
210,71
211,71
212,71
213,71
214,71
215,71
216,71
217,71
218,71
219,71
220,71
221,71
222,71
223,71
224,71
225,71
226,71
227,71
228,71
229,71
230,71
231,71
232,71
233,71
234,71
235,70
236,70
237,70
238,70
239,70
240,70
241,70
242,70
243,69
244,68
245,68
246,68
247,68
248,68
249,68
250,68
251,68
252,67
253,67
254,66
255,66
256,66
257,66
258,66
259,66
260,66
261,66
262,66
263,66
264,66
265,66
266,66
267,66
268,66
269,66
270,66
271,66
272,66
273,66
274,66
275,66
276,66
277,66
278,66
279,66
280,66
281,66
282,66
283,66
284,66
285,65
286,64
287,63
288,62
289,61
290,60
291,59
292,58
293,57
294,56
295,56
296,56
297,56
298,56
299,55
300,55
301,55
302,55
303,55
304,55
305,55
306,55
307,54
308,53
309,53
310,53
311,53
312,53
313,53
314,53
315,53
316,53
317,53
318,53
319,53
320,53
321,53
322,53
323,53
324,53
325,53
326,53
327,53
328,53
329,53
330,53
331,53
332,53
333,53
334,52
