代码 x y 名称 范围 NaN NaN
3 315 333 练功师 0 1 3
3 313 335 练功师 0 1 3
3 311 337 练功师 0 1 3
iqy56 23 20 魔神 1 1 12 0 249
;尸王殿━━━━━━━━━━━━━━━━━━━━━━━━━━━━━━━━


Q004 15 14 千年尸王 20 30 4 0 70
;四大神兽━━━━━━━━━━━━━━━━━━━━━━━━━━━━━━━━	0	70


shuai209 21 37 青龙 0 1 12 0 249
shuai209 21 37 沉默战尊 0 2 8 0 249
shuai209 21 37 沉默道尊 0 2 8 0 249
shuai209 21 37 沉默魔尊 0 2 8 0 249






shuai210 17 22 白虎 0 1 12 0 249
shuai210 21 37 沉默战尊 0 2 8 0 249
shuai210 21 37 沉默道尊 0 2 8 0 249
shuai210 21 37 沉默魔尊 0 2 8 0 249



shuai204 27 31 朱雀 0 1 12 0 249
shuai204 21 37 沉默战尊 0 2 8 0 249
shuai204 21 37 沉默道尊 0 2 8 0 249
shuai204 21 37 沉默魔尊 0 2 8 0 249



shuai205 30 21 玄武 0 1 12 0 249
shuai205 21 37 沉默战尊 0 2 8 0 249
shuai205 21 37 沉默道尊 0 2 8 0 249
shuai205 21 37 沉默魔尊 0 2 8 0 249






;祖玛寺庙大殿━━━━━━━━━━━━━━━━━━━━━━━━━━━━━━━━


0157 15 19 祖玛弓箭手 10 5 3
0157 15 19 祖玛卫士 10 5 3
0157 15 19 祖玛雕像 10 5 3
0157 15 19 祖玛将军 10 5 3
0157 15 19 祖玛教主 10 3 2 0 249
0157 15 19 千年树妖 10 1 4 0 249
;祖玛寺庙一层━━━━━━━━━━━━━━━━━━━━━━━━━━━━━━━━


D501 224 175 祖玛弓箭手 100 60 3
D501 224 175 祖玛卫士 100 60 3
D501 224 175 祖玛雕像 100 60 3
D501 224 175 祖玛将军 100 60 3
D501 224 175 祖玛教主 100 15 2 0 249
D501 224 175 死亡恶魔 100 15 2 0 254
D501 224 175 死亡蛇妖 100 15 2 0 254
D501 224 175 地藏统领 100 15 2 0 254
D501 224 175 兽魂猪妖 100 15 2 0 254
D501 224 175 炼狱教主 100 15 2 0 254
D501 224 175 火域龙王 100 1 4 0 249
D501 224 175 玛雅教主 100 1 4 0 249
D501 224 175 双锤猪王 100 1 4 0 249
D501 224 175 震天魔神 100 1 4 0 249
D501 224 175 九世蝎王 100 1 4 0 249
D501 224 175 困兽之王 100 1 4 0 249
D501 224 175 金刚之神 100 1 4 0 249
D501 224 175 战斧巨兽 100 1 4 0 249
D501 224 175 火蚁 100 1 4 0 249
D501 224 175 幽灵死神 100 1 4 0 249



;祖玛寺庙二层━━━━━━━━━━━━━━━━━━━━━━━━━━━━━━━━


D502 224 175 祖玛弓箭手 100 60 3
D502 224 175 祖玛卫士 100 60 3
D502 224 175 祖玛雕像 100 60 3
D502 224 175 祖玛将军 100 60 3
D502 224 175 祖玛教主 100 15 2 0 249
D502 224 175 死亡恶魔 100 15 2 0 254
D502 224 175 死亡蛇妖 100 15 2 0 254
D502 224 175 地藏统领 100 15 2 0 254
D502 224 175 兽魂猪妖 100 15 2 0 254
D502 224 175 炼狱教主 100 15 2 0 254
D502 224 175 火域龙王 100 1 4 0 249
D502 224 175 玛雅教主 100 1 4 0 249
D502 224 175 双锤猪王 100 1 4 0 249
D502 224 175 震天魔神 100 1 4 0 249
D502 224 175 九世蝎王 100 1 4 0 249
D502 224 175 困兽之王 100 1 4 0 249
D502 224 175 金刚之神 100 1 4 0 249
D502 224 175 战斧巨兽 100 1 4 0 249
D502 224 175 火蚁 100 1 4 0 249
D502 224 175 幽灵死神 100 2 4 0 249
D502 224 175 千年树妖 100 2 4 0 249



;祖玛寺庙三层━━━━━━━━━━━━━━━━━━━━━━━━━━━━━━━━


D503 167 316 祖玛弓箭手 100 60 3
D503 167 316 祖玛卫士 100 60 3
D503 167 316 祖玛雕像 100 60 3
D503 167 316 祖玛将军 100 60 3
D503 167 316 祖玛教主 100 15 2 0 249
D503 167 316 死亡恶魔 100 15 2 0 254
D503 167 316 死亡蛇妖 100 15 2 0 254
D503 167 316 地藏统领 100 15 2 0 254
D503 167 316 兽魂猪妖 100 15 2 0 254
D503 167 316 炼狱教主 100 15 2 0 254
D503 167 316 火域龙王 100 1 4 0 249
D503 167 316 玛雅教主 100 1 4 0 249
D503 167 316 双锤猪王 100 1 4 0 249
D503 167 316 震天魔神 100 1 4 0 249
D503 167 316 困兽之王 100 1 4 0 249
D503 167 316 金刚之神 100 1 4 0 249
D503 167 316 战斧巨兽 100 1 4 0 249
D503 167 316 火蚁 100 1 4 0 249
D503 167 316 幽灵死神 100 2 4 0 249
D503 167 316 千年树妖 100 2 4 0 249



;祖玛寺庙四层━━━━━━━━━━━━━━━━━━━━━━━━━━━━━━━━


D504 217 177 祖玛弓箭手 100 60 3
D504 217 177 祖玛卫士 100 60 3
D504 217 177 祖玛雕像 100 60 3
D504 217 177 祖玛将军 100 60 3
D504 217 177 祖玛教主 100 15 2 0 249
D504 217 177 死亡恶魔 100 15 2 0 254
D504 217 177 死亡蛇妖 100 15 2 0 254
D504 217 177 地藏统领 100 15 2 0 254
D504 217 177 兽魂猪妖 100 15 2 0 254
D504 217 177 炼狱教主 100 15 2 0 254
D504 217 177 火域龙王 100 1 4 0 249
D504 217 177 玛雅教主 100 1 4 0 249
D504 217 177 双锤猪王 100 1 4 0 249
D504 217 177 震天魔神 100 1 4 0 249
D504 217 177 九世蝎王 100 1 4 0 249
D504 217 177 困兽之王 100 1 4 0 249
D504 217 177 金刚之神 100 1 4 0 249
D504 217 177 战斧巨兽 100 1 4 0 249
D504 217 177 火蚁 100 1 4 0 249
D504 217 177 幽灵死神 100 2 4 0 249
D504 217 177 千年树妖 100 2 4 0 249
D504 216 186 火龙教主 0 1 8 0 249
;祖玛寺庙五层━━━━━━━━━━━━━━━━━━━━━━━━━━━━━━━━


D505 103 92 祖玛弓箭手 100 60 3
D505 103 92 祖玛卫士 100 60 3
D505 103 92 祖玛雕像 100 60 3
D505 103 92 祖玛将军 100 60 3
D505 103 92 祖玛教主 100 15 2 0 249
D505 103 92 死亡恶魔 100 15 2 0 254
D505 103 92 死亡蛇妖 100 15 2 0 254
D505 103 92 地藏统领 100 15 2 0 254
D505 103 92 兽魂猪妖 100 15 2 0 254
D505 103 92 炼狱教主 100 15 2 0 254
D505 103 92 火域龙王 100 1 4 0 249
D505 103 92 玛雅教主 100 1 4 0 249
D505 103 92 双锤猪王 100 1 4 0 249
D505 103 92 震天魔神 100 1 4 0 249
D505 103 92 九世蝎王 100 1 4 0 249
D505 103 92 困兽之王 100 1 4 0 249
D505 103 92 金刚之神 100 1 4 0 249
D505 103 92 战斧巨兽 100 1 4 0 249
D505 103 92 火蚁 100 1 4 0 249
D505 103 92 幽灵死神 100 2 4 0 249
D505 103 92 千年树妖 100 2 4 0 249



D505 155 171 火龙教主 0 1 8 0 249






D401 100 100 僵尸2 100 100 10
D401 100 100 僵尸3 100 100 10
D401 100 100 洞蛆 100 50 3
D401 100 100 僵尸20 50 1 5
D401 100 100 僵尸30 50 1 5
D402 100 100 僵尸2 100 75 2
D402 100 100 僵尸3 100 75 2
D402 100 100 洞蛆 100 45 2
D402 100 100 僵尸20 100 1 5
D402 100 100 僵尸30 100 1 5
D403 100 100 僵尸20 100 1 7
D403 100 100 僵尸30 100 1 7
D403 100 100 僵尸50 100 1 7
D404 100 100 僵尸10 100 1 7
D404 100 100 僵尸30 100 1 7
D404 100 100 僵尸40 100 1 7
D405 100 100 尸王 100 1 8
D405 100 100 尸王3 100 1 12
D405 100 100 僵尸10 100 1 7
D405 100 100 僵尸40 100 1 7
D405 100 100 僵尸50 100 1 7



D401 100 100 僵尸2 100 100 10
D401 100 100 僵尸3 100 100 10
D401 100 100 洞蛆 100 50 3
D401 100 100 僵尸20 50 1 5
D401 100 100 僵尸30 50 1 5
D402 100 100 僵尸2 100 75 2
D402 100 100 僵尸3 100 75 2
D402 100 100 洞蛆 100 45 2
D402 100 100 僵尸20 100 1 5
D402 100 100 僵尸30 100 1 5
D403 100 100 僵尸20 100 1 7
D403 100 100 僵尸30 100 1 7
D403 100 100 僵尸50 100 1 7
D404 100 100 僵尸10 100 1 7
D404 100 100 僵尸30 100 1 7
D404 100 100 僵尸40 100 1 7
D405 100 100 尸王 100 1 8
D405 100 100 尸王3 100 1 12
D405 100 100 僵尸10 100 1 7
D405 100 100 僵尸40 100 1 7
D405 100 100 僵尸50 100 1 7



D401 100 100 僵尸2 100 100 10
D401 100 100 僵尸3 100 100 10
D401 100 100 洞蛆 100 50 3
D401 100 100 僵尸20 50 1 5
D401 100 100 僵尸30 50 1 5
D402 100 100 僵尸2 100 75 2
D402 100 100 僵尸3 100 75 2
D402 100 100 洞蛆 100 45 2
D402 100 100 僵尸20 100 1 5
D402 100 100 僵尸30 100 1 5
D403 100 100 僵尸20 100 1 7
D403 100 100 僵尸30 100 1 7
D403 100 100 僵尸50 100 1 7
D404 100 100 僵尸10 100 1 7
D404 100 100 僵尸30 100 1 7
D404 100 100 僵尸40 100 1 7
D405 100 100 尸王 100 1 8
D405 100 100 尸王3 100 1 12
D405 100 100 僵尸10 100 1 7
D405 100 100 僵尸40 100 1 7
D405 100 100 僵尸50 100 1 7



D401 100 100 僵尸2 100 100 10
D401 100 100 僵尸3 100 100 10
D401 100 100 洞蛆 100 50 3
D401 100 100 僵尸20 50 1 5
D401 100 100 僵尸30 50 1 5
D402 100 100 僵尸2 100 75 2
D402 100 100 僵尸3 100 75 2
D402 100 100 洞蛆 100 45 2
D402 100 100 僵尸20 100 1 5
D402 100 100 僵尸30 100 1 5
D403 100 100 僵尸20 100 1 7
D403 100 100 僵尸30 100 1 7
D403 100 100 僵尸50 100 1 7
D404 100 100 僵尸10 100 1 7
D404 100 100 僵尸30 100 1 7
D404 100 100 僵尸40 100 1 7
D405 100 100 尸王 100 1 8
D405 100 100 尸王3 100 1 12
D405 100 100 僵尸10 100 1 7
D405 100 100 僵尸40 100 1 7
D405 100 100 僵尸50 100 1 7



D401 100 100 僵尸2 100 100 10
D401 100 100 僵尸3 100 100 10
D401 100 100 洞蛆 100 50 3
D401 100 100 僵尸20 50 1 5
D401 100 100 僵尸30 50 1 5
D402 100 100 僵尸2 100 75 2
D402 100 100 僵尸3 100 75 2
D402 100 100 洞蛆 100 45 2
D402 100 100 僵尸20 100 1 5
D402 100 100 僵尸30 100 1 5
D403 100 100 僵尸20 100 1 7
D403 100 100 僵尸30 100 1 7
D403 100 100 僵尸50 100 1 7
D404 100 100 僵尸10 100 1 7
D404 100 100 僵尸30 100 1 7
D404 100 100 僵尸40 100 1 7
D405 100 100 尸王 100 1 8
D405 100 100 尸王3 100 1 12
D405 100 100 僵尸10 100 1 7
D405 100 100 僵尸40 100 1 7
D405 100 100 僵尸50 100 1 7






D406 100 100 尸王 100 1 8
D406 100 100 尸王3 100 1 12



D406 100 100 僵尸40 100 1 7
D406 100 100 僵尸10 100 1 7
D406 100 100 僵尸50 100 1 7
D406 100 100 僵尸20 100 1 7



D411 50 50 僵尸20 50 1 4
D413 50 50 僵尸30 50 1 4
D412 50 50 僵尸40 50 1 4
D416 50 50 僵尸50 50 1 4
D415 50 50 僵尸50 50 1 4



;封魔谷━━━━━━━━━━━━━━━━━━━━━━━━━━━━━━━━


4 241 202 巨型多角虫1 50 30 3
4 241 202 巨型多角虫1 80 30 3
4 241 202 巨型多角虫1 100 30 3
4 241 202 工蚁 50 30 3
4 241 202 工蚁 100 30 3
4 241 202 工蚁 150 30 3
4 241 202 蚁后 50 20 3
4 241 202 蚁后 100 20 3
4 241 202 蚁后 100 20 3
4 255 230 恶魔弓箭手 0 1 3 0 254
4 256 231 恶魔弓箭手 0 1 3 0 254
4 254 229 恶魔弓箭手 0 1 3 0 254
4 253 228 恶魔弓箭手 0 1 3 0 254
4 252 227 恶魔弓箭手 0 1 3 0 254
4 250 235 恶魔弓箭手 0 1 3 0 254
4 251 236 恶魔弓箭手 0 1 3 0 254
4 249 234 恶魔弓箭手 0 1 3 0 254
4 248 233 恶魔弓箭手 0 1 3 0 254
4 247 232 恶魔弓箭手 0 1 3 0 254
4 253 183 恶魔弓箭手 0 1 3 0 254
4 252 184 恶魔弓箭手 0 1 3 0 254
4 251 185 恶魔弓箭手 0 1 3 0 254
4 250 186 恶魔弓箭手 0 1 3 0 254
4 249 187 恶魔弓箭手 0 1 3 0 254
4 257 186 恶魔弓箭手 0 1 3 0 254
4 256 187 恶魔弓箭手 0 1 3 0 254
4 255 188 恶魔弓箭手 0 1 3 0 254
4 254 189 恶魔弓箭手 0 1 3 0 254
4 253 190 恶魔弓箭手 0 1 3 0 254
4 215 193 恶魔弓箭手 0 1 3 0 254
4 219 189 恶魔弓箭手 0 1 3 0 254



;比奇大地图


0 665 87 弓箭护卫 0 1 3
0 666 86 弓箭护卫 0 1 3
0 671 94 弓箭护卫 0 1 3
0 672 93 弓箭护卫 0 1 3
0 340 513 弓箭护卫 0 1 3
0 341 514 弓箭护卫 0 1 3



0 367 487 弓箭护卫 0 1 3
0 368 488 弓箭护卫 0 1 3



0 318 244 弓箭护卫 0 1 3
0 300 207 弓箭护卫 0 1 3
0 310 227 弓箭护卫 0 1 3
0 313 230 弓箭护卫 0 1 3
0 309 286 弓箭护卫 0 1 3
0 329 289 弓箭护卫 0 1 3
0 355 280 弓箭护卫 0 1 3
0 362 301 弓箭护卫 0 1 3
0 374 291 弓箭护卫 0 1 3
0 321 257 弓箭护卫 0 1 3
0 301 319 弓箭护卫 0 1 3
0 335 309 弓箭护卫 0 1 3
0 339 313 弓箭护卫 0 1 3
0 567 621 弓箭护卫 0 1 3
0 600 576 弓箭护卫 0 1 3
0 662 558 弓箭护卫 0 1 3
0 320 36 弓箭护卫 0 1 3
0 327 42 弓箭护卫 0 1 3
;毒蛇山谷大地图


2 417 558 弓箭护卫 0 1 3
2 416 559 弓箭护卫 0 1 3
2 423 566 弓箭护卫 0 1 3
2 424 565 弓箭护卫 0 1 3






;盟重大地图


3 348 330 弓箭护卫 0 1 3
3 325 311 弓箭护卫 0 1 3
3 305 290 弓箭护卫 0 1 3
3 28 305 弓箭护卫 0 1 3
3 302 370 弓箭护卫 0 1 3
3 332 317 弓箭护卫 0 1 3
3 339 313 弓箭护卫 0 1 3
2 510 479 弓箭护卫 0 1 3
2 508 492 弓箭护卫 0 1 3






1 51 165 弓箭护卫 0 1 3
1 52 171 弓箭护卫 0 1 3
1 566 544 弓箭护卫 0 1 3
1 555 544 弓箭护卫 0 1 3
1 43 37 弓箭护卫 0 1 3
1 49 31 弓箭护卫 0 1 3
1 45 482 弓箭护卫 0 1 3



3 273 743 弓箭护卫 0 1 3
3 272 744 弓箭护卫 0 1 3
3 512 770 弓箭护卫 0 1 3
3 519 777 弓箭护卫 0 1 3



2 292 60 弓箭护卫 0 1 3
2 298 65 弓箭护卫 0 1 3
2 552 80 弓箭护卫 0 1 3
2 560 88 弓箭护卫 0 1 3






E605 11 62 弓箭护卫 0 1 3
E605 15 68 弓箭护卫 0 1 3



D601 13 196 弓箭护卫 0 1 3
D601 7 201 弓箭护卫 0 1 3



E601 139 13 弓箭护卫 0 1 3
E601 138 12 弓箭护卫 0 1 3



D422 332 380 弓箭护卫 0 1 3
D422 328 384 弓箭护卫 0 1 3


















;━━━━━━━━━━━━━━━━━━━━━━━━━━━━━━━━	


;6个爆衣服的刷怪


T232 22 24 暗之沃玛教主 3 1 4 0 254
T339 18 26 暗之骷髅精灵 3 1 4 0 254






T118 14 15 暗之双头血魔 3 1 4 0 254
T218 14 17 暗之炼狱教主 3 1 4 0 254
;━━━━━━━━━━━━━━━━━━━━━━━━━━━━━━━━


;石墓地宫一层





SMBC 54 51 白野猪 200 30 3 0 255
SMBC 54 51 祖玛弓箭手 200 30 3 0 255
SMBC 54 51 沃玛卫士 200 30 3 0 255
SMBC 54 51 祖玛卫士 200 30 3 0 255
SMBC 54 51 祖玛雕像 200 30 3 0 255
SMBC 54 51 虹魔蝎卫 200 30 3 0 255
SMBC 54 51 虹魔鳄鱼 200 30 3 0 255
SMBC 54 51 祖玛将军 200 30 3 0 255
SMBC 54 51 双头血魔 200 2 2
SMBC 54 51 双头金刚 200 2 2 0 254
SMBC 54 51 邪恶重锤 200 2 2 0 254
SMBC 54 51 暗黑蛇妖 200 2 2 0 254
SMBC 54 51 炼狱教主 200 2 2 0 254
SMBC 54 51 深海龙王 200 2 2 0 254
SMBC 54 51 兽魂猪妖 200 2 2 0 254
SMBC 54 51 暗黑蛇妖 200 2 2 0 254
SMBC 54 51 深海巨人 200 2 2 0 254



;石墓地宫二











SMJC 207 188 白野猪 200 60 3 0 255
SMJC 207 188 祖玛弓箭手 200 60 3 0 255
SMJC 207 188 沃玛卫士 200 60 3 0 255
SMJC 207 188 祖玛卫士 200 60 3 0 255
SMJC 207 188 祖玛雕像 200 60 3 0 255
SMJC 207 188 虹魔蝎卫 200 60 3 0 255
SMJC 207 188 虹魔鳄鱼 200 60 3 0 255
SMJC 207 188 祖玛将军 200 60 3 0 255
SMJC 207 188 千年树妖 200 2 2 0 249
SMJC 207 188 双头血魔 200 5 2 0 254
SMJC 207 188 双头金刚 200 5 2 0 254
SMJC 207 188 邪恶重锤 200 5 2 0 254
SMJC 207 188 暗黑蛇妖 200 5 2 0 254
SMJC 207 188 炼狱教主 200 5 4 0 254
SMJC 207 188 深海龙王 200 5 4 0 254
SMJC 207 188 兽魂猪妖 200 5 4 0 254
SMJC 207 188 暗黑蛇妖 200 5 4 0 254
SMJC 207 188 深海巨人 200 5 4 0 254
SMJC 207 188 双头血魔 200 5 2 0 254
SMJC 207 188 双头金刚 200 5 2 0 254
SMJC 207 188 邪恶重锤 200 5 2 0 254
SMJC 207 188 暗黑蛇妖 200 5 2 0 254
SMJC 207 188 炼狱教主 200 5 4 0 254
SMJC 207 188 深海龙王 200 5 4 0 254
SMJC 207 188 兽魂猪妖 200 5 4 0 254
SMJC 207 188 暗黑蛇妖 200 5 4 0 254
SMJC 207 188 深海巨人 200 5 4 0 254
SMJC 207 188 双头血魔 200 5 2 0 254
SMJC 207 188 双头金刚 200 5 2 0 254
SMJC 207 188 邪恶重锤 200 5 2 0 254
SMJC 207 188 暗黑蛇妖 200 5 2 0 254
SMJC 207 188 炼狱教主 200 5 4 0 254
SMJC 207 188 深海龙王 200 5 4 0 254
SMJC 207 188 兽魂猪妖 200 5 4 0 254
SMJC 207 188 暗黑蛇妖 200 5 4 0 254
SMJC 207 188 千年树妖 200 5 4 0 249
SMJC 207 188 米尔皇帝 200 5 4 0 249
SMJC 207 188 震天守将 200 5 4 0 249
SMJC 207 188 镇天魔神 200 5 4 0 249



;━━━━━━━━━━━━━━━━━━━━━━━━━━━━━━━━


;烟花之地


HJBC 44 44 千年树妖 50 1 4 0 249
HJBC 44 44 兽魂猪妖 100 1 3 0 254
HJBC 44 44 双头血魔 50 1 3
HJBC 44 44 双头金刚 50 1 3 0 254
HJBC 44 44 邪恶重锤 50 1 3 0 254
HJBC 44 44 暗黑蛇妖 50 1 3 0 254
HJBC 44 44 暗黑蛇妖 50 1 3 0 254
HJBC 44 44 炼狱教主 50 1 3 0 254
HJBC 44 44 深海龙王 50 1 3 0 254
HJBC 44 44 兽魂猪妖 50 1 3 0 254
HJBC 44 44 深海巨人 50 1 3 0 254
;━━━━━━━━━━━━━━━━━━━━━━━━━━━━━━━━


;玛雅神殿


MYSD1 51 52 祖玛雕像3 50 20 3
MYSD1 51 52 祖玛弓箭手3 50 20 3
MYSD1 51 52 祖玛卫士3 50 20 3
MYSD1 51 52 祖玛雕像3 50 20 3
MYSD1 51 52 祖玛弓箭手3 50 20 3
MYSD1 51 52 祖玛卫士3 50 20 3
MYSD1 51 52 邪恶钳虫 50 5 3
MYSD1 51 52 白野猪 50 5 3
MYSD1 51 52 沃玛卫士 50 5 3
MYSD1 51 52 虹魔蝎卫 50 5 3
MYSD1 51 52 虹魔鳄鱼 50 5 3
MYSD1 51 52 祖玛将军 50 5 3
MYSD1 51 52 双头血魔 50 1 2
MYSD1 51 52 双头金刚 50 1 2 0 254
MYSD1 51 52 暗黑蛇妖 50 1 2 0 254
MYSD1 51 52 邪恶重锤 50 1 2 0 254
MYSD1 51 52 暗黑蛇妖 50 1 4 0 254
MYSD1 51 52 深海龙王 50 1 4 0 254
MYSD1 51 52 死亡恶魔 50 1 3 0 254
MYSD1 51 52 死亡蛇妖 50 1 3 0 254



MYSD1 51 52 米尔皇帝 50 1 4 0 249
MYSD1 51 52 千年树妖 50 1 4 0 249
MYSD1 51 52 震天魔神 50 1 4 0 249
MYSD1 51 52 震天守将 50 1 4 0 249



MYSD2 51 52 月魔蜘蛛 50 20 3
MYSD2 51 52 祖玛雕像3 50 20 3
MYSD2 51 52 祖玛弓箭手3 50 20 3
MYSD2 51 52 祖玛卫士3 50 20 3
MYSD2 51 52 祖玛雕像3 50 20 2
MYSD2 51 52 祖玛弓箭手3 50 20 2
MYSD2 51 52 祖玛卫士3 50 20 2
MYSD2 51 52 邪恶钳虫 50 5 3
MYSD2 51 52 白野猪 50 5 3
MYSD2 51 52 沃玛卫士 50 5 3
MYSD2 51 52 虹魔蝎卫 50 5 3
MYSD2 51 52 虹魔鳄鱼 50 5 3
MYSD2 51 52 祖玛将军 50 5 3
MYSD2 51 52 双头血魔 50 1 2
MYSD2 51 52 双头金刚 50 1 2 0 254
MYSD2 51 52 暗黑蛇妖 50 1 2 0 254
MYSD2 51 52 邪恶重锤 50 1 2 0 254
MYSD2 51 52 兽魂猪妖 50 1 4 0 254
MYSD2 51 52 暗黑蛇妖 50 1 4 0 254
MYSD2 51 52 深海龙王 50 1 4 0 254
MYSD2 51 52 地藏统领 50 1 4 0 254
MYSD2 51 52 死亡恶魔 50 1 3 0 254
MYSD2 51 52 死亡蛇妖 50 1 3 0 254
MYSD2 51 52 双锤猪王 50 1 4 0 249
MYSD2 51 52 千年树妖 50 1 4 0 249
MYSD2 51 52 震天魔神 50 1 4 0 249
MYSD2 51 52 震天守将 50 1 4 0 249
MYSD2 51 52 米尔皇帝 50 1 4 0 249



MYSD3 45 50 月魔蜘蛛 50 20 3
MYSD3 45 50 祖玛雕像3 50 20 3
MYSD3 45 50 祖玛弓箭手3 50 20 3
MYSD3 45 50 祖玛卫士3 50 20 3
MYSD3 45 50 祖玛雕像3 50 20 2
MYSD3 45 50 祖玛弓箭手3 50 20 2
MYSD3 45 50 祖玛卫士3 50 20 2
MYSD3 45 50 邪恶钳虫 50 5 3
MYSD3 45 50 白野猪 50 5 3
MYSD3 45 50 沃玛卫士 50 5 3
MYSD3 45 50 虹魔蝎卫 50 5 3
MYSD3 45 50 虹魔鳄鱼 50 5 3
MYSD3 45 50 祖玛将军 50 5 3
MYSD3 45 50 双头血魔 50 1 2
MYSD3 45 50 双头金刚 50 1 2 0 254
MYSD3 45 50 邪恶重锤 50 1 2 0 254
MYSD3 45 50 暗黑蛇妖 50 1 2 0 254
MYSD3 45 50 兽魂猪妖 50 1 3 0 254
MYSD3 45 50 暗黑蛇妖 50 1 3 0 254
MYSD3 45 50 深海龙王 50 1 3 0 254
MYSD3 45 50 死亡恶魔 50 1 3 0 254
MYSD3 45 50 死亡蛇妖 50 1 3 0 254
MYSD3 45 50 火域龙王 50 1 4 0 249
MYSD3 45 50 千年树妖 50 1 4 0 249
MYSD3 45 50 震天魔神 50 1 4 0 249
MYSD3 45 50 震天守将 50 1 4 0 249
MYSD3 45 50 米尔皇帝 50 1 4 0 249






MYSD4 20 25 祖玛弓箭手3 20 1 2
MYSD4 20 25 祖玛卫士3 20 1 2
MYSD4 20 25 虹魔蝎卫 20 1 3
MYSD4 20 25 虹魔鳄鱼 20 1 3
MYSD4 20 25 祖玛将军 20 1 3
MYSD4 20 25 双头血魔 20 1 3
MYSD4 20 25 双头金刚 20 1 3 0 254
MYSD4 20 25 地藏统领 20 1 3 0 254
MYSD4 20 25 死亡蛇妖 20 1 3 0 254
MYSD4 20 25 深海巨人 20 1 3 0 254
MYSD4 20 25 玛雅教主 20 1 4 0 249
MYSD4 20 25 火域龙王 50 1 2 0 249
MYSD4 20 25 双锤猪王 50 1 2 0 249
MYSD4 20 25 千年树妖 50 1 2 0 249



;━━━━━━━━━━━━━━━━━━━━━━━━━━━━━━━━


;BOSS皇宫





BOSSHG1 20 25 双头血魔 20 1 3
BOSSHG1 20 25 双头金刚 20 1 3 0 254
BOSSHG1 20 25 邪恶重锤 20 1 3 0 254
BOSSHG1 20 25 暗黑蛇妖 20 1 3 0 254
BOSSHG1 20 25 地藏统领 20 1 2 0 254
BOSSHG1 20 25 火域龙王 20 1 2 0 249
BOSSHG1 20 25 玛雅教主 20 1 4 0 249
BOSSHG1 20 25 双锤猪王 50 1 2 0 249
BOSSHG1 20 25 震天魔神 50 1 2 0 249
BOSSHG1 20 25 震天守将 50 1 2 0 249
BOSSHG1 20 25 米尔皇帝 50 1 2 0 249
BOSSHG1 20 25 九世蝎王 50 1 2 0 249



BOSSHG2 65 64 月魔蜘蛛 80 5 3
BOSSHG2 65 64 双头金刚 80 1 3 0 254
BOSSHG2 65 64 双头血魔 80 1 3
BOSSHG2 65 64 邪恶重锤 80 1 3 0 254
BOSSHG2 65 64 炼狱教主 80 1 3 0 254
BOSSHG2 65 64 深海龙王 80 1 3 0 254
BOSSHG2 65 64 兽魂猪妖 80 1 3 0 254
BOSSHG2 65 64 暗黑蛇妖 80 1 2 0 254
BOSSHG2 65 64 暗之骷髅精灵 80 1 2 0 254
BOSSHG2 65 64 暗之双头金刚 80 1 2 0 254
BOSSHG2 65 64 暗之双头血魔 80 1 2 0 254
BOSSHG2 65 64 暗之沃玛教主 80 1 2 0 254
BOSSHG2 65 64 暗之炼狱教主 80 1 2 0 254
BOSSHG2 65 64 暗之深海龙王 80 1 2 0 254
BOSSHG2 65 64 地藏统领 80 1 3 0 254
BOSSHG2 65 64 死亡恶魔 80 1 3 0 254
BOSSHG2 67 60 死亡蛇妖 80 1 3 0 254
BOSSHG2 82 43 火龙教主 0 1 4 0 249
BOSSHG2 82 43 蛮荒侍卫 80 1 2 0 251
BOSSHG2 65 64 米尔皇帝 80 1 2 0 249
BOSSHG2 65 64 震天守将 80 1 2 0 249
BOSSHG2 65 64 震天魔神 80 1 2 0 249
BOSSHG2 65 64 九世蝎王 80 1 2 0 249
BOSSHG2 65 64 千年树妖 80 1 2 0 249






;━━━━━━


;诅咒领域


DXHL1 51 50 祖玛雕像3 30 10 3
DXHL1 51 50 祖玛弓箭手3 30 10 3
DXHL1 51 50 祖玛卫士3 30 10 3
DXHL1 51 50 邪恶钳虫 30 10 2
DXHL1 51 50 白野猪 30 10 2
DXHL1 51 50 沃玛卫士 30 10 2
DXHL1 51 50 虹魔蝎卫 30 8 2
DXHL1 51 50 虹魔鳄鱼 30 8 2
DXHL1 51 50 祖玛将军 30 8 2
DXHL1 51 50 双头血魔 30 1 2
DXHL1 51 50 双头金刚 30 1 2 0 254
DXHL1 51 50 双头血魔 30 1 2 0 254
DXHL1 51 50 双头金刚 30 1 2 0 254
DXHL1 51 50 邪恶重锤 30 1 3 0 254
DXHL1 51 50 炼狱教主 30 1 3 0 254
DXHL1 51 50 深海龙王 30 1 3 0 254
DXHL1 51 50 兽魂猪妖 30 1 3 0 254
DXHL1 51 50 暗黑蛇妖 30 1 3 0 254
DXHL1 51 50 暗黑蛇妖 30 1 3 0 254
DXHL1 51 50 死亡恶魔 30 1 3 0 254
DXHL1 51 50 死亡蛇妖 30 1 3 0 254
DXHL1 51 50 地藏统领 30 1 3 0 254
DXHL1 51 50 困兽之王 30 1 4 0 249
DXHL1 51 50 金刚之神 30 2 4 0 249
DXHL1 51 50 战斧巨兽 30 2 4 0 249
DXHL1 51 50 火蚁 30 2 4 0 249
DXHL1 51 50 幽灵死神 30 2 4 0 249
DXHL1 51 50 火域龙王 30 2 4 0 249
DXHL1 51 50 千年树妖 30 2 4 0 249












DXHL3 70 89 月魔蜘蛛 40 10 2
DXHL3 70 89 牛魔将军 40 7 3
DXHL3 70 89 牛魔祭司 40 7 3
DXHL3 70 89 祖玛卫士3 40 7 3
DXHL3 70 89 祖玛雕像3 40 7 3
DXHL3 70 89 祖玛弓箭手3 40 7 3
DXHL3 70 89 祖玛卫士3 40 7 3
DXHL3 70 89 邪恶钳虫 40 5 3
DXHL3 70 89 白野猪 40 5 3
DXHL3 70 89 沃玛卫士 40 5 3
DXHL3 70 89 虹魔蝎卫 40 5 3
DXHL3 70 89 虹魔鳄鱼 40 5 3
DXHL3 70 89 祖玛将军 40 5 3
DXHL3 70 89 双头血魔 40 1 2 0 254
DXHL3 70 89 双头金刚 40 1 2 0 254
DXHL3 70 89 邪恶重锤 40 1 2 0 254
DXHL3 70 89 炼狱教主 40 1 2 0 254
DXHL3 70 89 深海龙王 40 1 2 0 254
DXHL3 70 89 兽魂猪妖 40 1 2 0 254
DXHL3 70 89 暗黑蛇妖 40 1 2 0 254
DXHL3 70 89 死亡恶魔 40 1 3 0 254
DXHL3 70 89 死亡蛇妖 40 1 3 0 254
DXHL3 70 89 地藏统领 40 1 2 0 254
DXHL3 70 89 深海巨人 40 1 2 0 254
DXHL3 70 89 千年树妖 40 1 2 0 249
DXHL3 70 89 火域龙王 40 2 2 0 249
DXHL3 70 89 诅咒教主 40 1 4 0 249
DXHL3 70 89 双锤猪王 40 2 2 0 249
DXHL3 70 89 困兽之王 40 1 2 0 249
DXHL3 70 89 幽灵死神 40 2 2 0 249
DXHL3 70 89 金刚之神 40 2 2 0 249
DXHL3 70 89 黄金神兽 40 1 12 0 249



;━━━━━━


;深渊墓穴


JXSY1 122 110 牛魔祭祀 100 10 3
JXSY1 122 110 牛魔将军 100 10 3
JXSY1 122 110 祖玛雕像3 100 10 3
JXSY1 122 110 祖玛弓箭手3 100 10 3
JXSY1 122 110 祖玛卫士3 100 10 3
JXSY1 122 110 邪恶钳虫 100 5 2
JXSY1 122 110 白野猪 100 5 2
JXSY1 122 110 沃玛卫士 100 5 2
JXSY1 122 110 虹魔蝎卫 100 5 2
JXSY1 122 110 虹魔鳄鱼 100 5 2
JXSY1 122 110 祖玛将军 100 5 2
JXSY1 122 110 牛魔祭祀 100 10 3
JXSY1 122 110 牛魔将军 100 10 3
JXSY1 122 110 祖玛雕像3 100 10 3
JXSY1 122 110 祖玛弓箭手3 100 10 3
JXSY1 122 110 祖玛卫士3 100 10 3
JXSY1 122 110 邪恶钳虫 100 5 2
JXSY1 122 110 白野猪 100 5 2
JXSY1 122 110 沃玛卫士 100 5 2
JXSY1 122 110 虹魔蝎卫 100 5 2
JXSY1 122 110 虹魔鳄鱼 100 5 2
JXSY1 122 110 祖玛将军 100 5 2
JXSY1 122 110 牛魔祭祀 100 10 3
JXSY1 122 110 牛魔将军 100 10 3
JXSY1 122 110 祖玛雕像3 100 10 3
JXSY1 122 110 祖玛弓箭手3 100 10 3
JXSY1 122 110 祖玛卫士3 100 10 3
JXSY1 122 110 邪恶钳虫 100 5 2
JXSY1 122 110 白野猪 100 5 2
JXSY1 122 110 沃玛卫士 100 5 2
JXSY1 122 110 虹魔蝎卫 100 5 2
JXSY1 122 110 虹魔鳄鱼 100 5 2
JXSY1 122 110 祖玛将军 100 5 2
JXSY1 122 110 牛魔祭祀 100 10 3
JXSY1 122 110 牛魔将军 100 10 3
JXSY1 122 110 祖玛雕像3 100 10 3
JXSY1 122 110 祖玛弓箭手3 100 10 3
JXSY1 122 110 祖玛卫士3 100 10 3
JXSY1 122 110 邪恶钳虫 100 5 2
JXSY1 122 110 白野猪 100 5 2
JXSY1 122 110 沃玛卫士 100 5 2
JXSY1 122 110 虹魔蝎卫 100 5 2
JXSY1 122 110 虹魔鳄鱼 100 5 2
JXSY1 122 110 祖玛将军 100 5 2
JXSY1 122 110 牛魔祭祀 100 10 3
JXSY1 122 110 牛魔将军 100 10 3
JXSY1 122 110 祖玛雕像3 100 10 3
JXSY1 122 110 祖玛弓箭手3 100 10 3
JXSY1 122 110 祖玛卫士3 100 10 3
JXSY1 122 110 邪恶钳虫 100 5 2
JXSY1 122 110 白野猪 100 5 2
JXSY1 122 110 沃玛卫士 100 5 2
JXSY1 122 110 虹魔蝎卫 100 5 2
JXSY1 122 110 虹魔鳄鱼 100 5 2
JXSY1 122 110 祖玛将军 100 5 2
JXSY1 122 110 牛魔祭祀 100 10 3
JXSY1 122 110 牛魔将军 100 10 3
JXSY1 122 110 祖玛雕像3 100 10 3
JXSY1 122 110 祖玛弓箭手3 100 10 3
JXSY1 122 110 祖玛卫士3 100 10 3
JXSY1 122 110 邪恶钳虫 100 5 2
JXSY1 122 110 白野猪 100 5 2
JXSY1 122 110 沃玛卫士 100 5 2
JXSY1 122 110 虹魔蝎卫 100 5 2
JXSY1 122 110 虹魔鳄鱼 100 5 2
JXSY1 122 110 祖玛将军 100 5 2
JXSY1 122 110 双头血魔 30 5 2 0 254
JXSY1 122 110 双头金刚 30 5 2 0 254
JXSY1 122 110 双头血魔 30 5 2 0 254
JXSY1 122 110 双头金刚 30 5 2 0 254
JXSY1 122 110 兽魂猪妖 30 5 2 0 254
JXSY1 122 110 深海龙王 30 5 2 0 254
JXSY1 122 110 炼狱教主 30 5 2 0 254
JXSY1 122 110 邪恶重锤 30 5 2 0 254
JXSY1 122 110 暗黑蛇妖 30 5 2 0 254
JXSY1 122 110 暗黑蛇妖 30 5 2 0 254
JXSY1 122 110 地藏统领 30 5 2 0 254
JXSY1 122 110 死亡恶魔 30 5 3 0 254
JXSY1 122 110 死亡蛇妖 30 5 3 0 254
JXSY1 122 110 千年树妖 30 2 4 0 249
JXSY1 122 110 困兽之王 30 2 4 0 249
JXSY1 122 110 幽灵死神 30 2 4 0 249
JXSY1 122 110 金刚之神 30 2 4 0 249
JXSY1 122 110 火域龙王 30 2 4 0 249



JXSY1 122 110 九世蝎王 30 2 4 0 249



JXSY2 61 44 月魔蜘蛛 50 10 2
JXSY2 61 44 牛魔祭祀 50 10 3
JXSY2 61 44 牛魔将军 50 10 3
JXSY2 61 44 祖玛雕像3 50 10 3
JXSY2 61 44 祖玛弓箭手3 50 10 3
JXSY2 61 44 祖玛卫士3 50 10 3
JXSY2 61 44 邪恶钳虫 50 5 2
JXSY2 61 44 白野猪 50 5 2
JXSY2 61 44 沃玛卫士 50 5 2
JXSY2 61 44 虹魔蝎卫 50 5 2
JXSY2 61 44 虹魔鳄鱼 50 5 2
JXSY2 61 44 祖玛将军 50 5 2
JXSY2 61 44 双头血魔 50 5 2 0 254
JXSY2 61 44 双头金刚 50 5 2 0 254
JXSY2 61 44 邪恶重锤 50 5 2 0 254
JXSY2 61 44 暗黑蛇妖 50 5 2 0 254
JXSY2 61 44 暗黑蛇妖 50 5 2 0 254
JXSY2 61 44 深海龙王 50 5 2 0 254
JXSY2 61 44 炼狱教主 50 5 2 0 254
JXSY2 61 44 兽魂猪妖 50 5 2 0 254
JXSY2 61 44 地藏统领 50 5 2 0 254
JXSY2 61 44 死亡恶魔 50 5 3 0 254
JXSY2 61 44 死亡蛇妖 50 5 3 0 254
JXSY2 61 44 深海巨人 50 5 3 0 254
JXSY2 61 44 千年树妖 50 2 2 0 249
JXSY2 61 44 蛮荒侍卫 50 2 4 0 251



JXSY2 61 44 深渊尸王 40 2 2 0 251



JXSY2 61 44 玛雅教主 50 2 2 0 249
JXSY2 61 44 双锤猪王 50 2 2 0 249
JXSY2 61 44 震天守将 50 2 2 0 249
JXSY2 61 44 震天魔神 50 2 2 0 249
JXSY2 61 44 困兽之王 50 2 2 0 249
JXSY2 61 44 幽灵死神 50 2 2 0 249
JXSY2 61 44 金刚之神 50 2 2 0 249
JXSY2 61 44 黄金神兽 50 1 12 0 249






;━━━━━━


;地下皇陵


YMZL1 52 40 牛魔祭祀 30 20 3
YMZL1 52 40 牛魔将军 30 20 3
YMZL1 52 40 祖玛雕像3 30 20 3
YMZL1 52 40 祖玛弓箭手3 30 20 3
YMZL1 52 40 祖玛卫士3 30 20 3
YMZL1 52 40 邪恶钳虫 30 5 3
YMZL1 52 40 白野猪 30 5 3
YMZL1 52 40 沃玛卫士 30 5 3
YMZL1 52 40 虹魔蝎卫 30 5 3
YMZL1 52 40 虹魔鳄鱼 30 5 3
YMZL1 52 40 祖玛将军 30 5 3
YMZL1 52 40 双头血魔 30 1 2 0 254
YMZL1 52 40 双头金刚 30 1 2 0 254
YMZL1 52 40 双头血魔 30 1 3 0 254
YMZL1 52 40 双头金刚 30 1 3 0 254
YMZL1 52 40 兽魂猪妖 30 1 3 0 254
YMZL1 52 40 炼狱教主 30 1 3 0 254
YMZL1 52 40 深海龙王 30 1 3 0 254
YMZL1 52 40 邪恶重锤 30 1 3 0 254
YMZL1 52 40 暗黑蛇妖 30 1 3 0 254
YMZL1 52 40 暗黑蛇妖 30 1 3 0 254
YMZL1 52 40 地藏统领 30 1 3 0 254
YMZL1 52 40 死亡恶魔 30 1 3 0 254
YMZL1 52 40 死亡蛇妖 30 1 3 0 254
YMZL1 52 40 火域龙王 30 2 2 0 249
YMZL1 52 40 千年树妖 30 2 2 0 249
YMZL1 52 40 金刚之神 30 2 2 0 249
YMZL1 52 40 幽灵死神 30 2 2 0 249
YMZL1 52 40 困兽之王 30 2 2 0 249
YMZL1 52 40 战斧巨兽 30 2 2 0 249
YMZL1 52 40 火蚁 30 2 2 0 249






YMZL3 27 34 月魔蜘蛛 10 3 2
YMZL3 27 34 祖玛雕像3 10 6 3
YMZL3 27 34 祖玛弓箭手3 10 6 3
YMZL3 27 34 祖玛卫士3 10 6 3
YMZL3 27 34 双头血魔 10 2 3
YMZL3 27 34 双头金刚 10 2 3 0 254
YMZL3 27 34 死亡蛇妖 10 2 3 0 254
YMZL3 27 34 死亡恶魔 10 2 3 0 254
YMZL3 27 34 深海巨人 10 2 3 0 254
YMZL3 27 34 千年树妖 10 2 2 0 249



YMZL3 27 34 火域龙王 100 1 2 0 249
YMZL3 27 34 玛雅教主 100 1 4 0 249
YMZL3 27 34 双锤猪王 100 1 4 0 249
YMZL3 27 34 金刚之神 100 1 2 0 249
YMZL3 27 34 幽灵死神 100 1 2 0 249
YMZL3 27 34 困兽之王 100 1 4 0 249
YMZL3 27 34 黄金神兽 100 1 12 0 249






;━━━━━━


;梦魇之地


LFZD 34 96 月魔蜘蛛 100 5 2
LFZD 34 96 祖玛雕像3 100 5 3
LFZD 34 96 祖玛弓箭手3 100 5 3
LFZD 34 96 祖玛卫士3 100 5 3
LFZD 34 96 牛魔将军 100 5 3
LFZD 34 96 牛魔祭司 100 5 3
LFZD 34 96 虹魔蝎卫 100 5 3
LFZD 34 96 虹魔鳄鱼 100 5 3
LFZD 34 96 祖玛将军 100 5 3
LFZD 34 96 沃玛卫士 100 5 3
LFZD 34 96 白野猪 100 5 3
LFZD 34 96 邪恶钳虫 100 5 3



LFZD 34 96 双头金刚 100 1 2 0 254
LFZD 34 96 双头血魔 100 1 2 0 254
LFZD 34 96 暗黑蛇妖 100 1 2 0 254
LFZD 34 96 暗黑蛇妖 100 1 2 0 254
LFZD 34 96 深海龙王 100 1 2 0 254
LFZD 34 96 炼狱教主 100 1 2 0 254
LFZD 34 96 兽魂猪妖 100 1 2 0 254
LFZD 34 96 地藏统领 100 1 2 0 254
LFZD 34 96 邪恶重锤 100 1 2 0 254
LFZD 34 96 千年树妖 100 2 4 0 249









LFZD2 17 22 暗黑蛇妖 20 1 3 0 254
LFZD2 17 22 地藏统领 20 1 3 0 254
LFZD2 17 22 死亡恶魔 20 1 3 0 254
LFZD2 17 22 死亡蛇妖 20 1 3 0 254
LFZD2 17 22 深海巨人 20 1 3 0 254
LFZD2 17 22 千年树妖 20 2 4 0 249
LFZD2 17 22 火域龙王 20 1 4 0 249
LFZD2 17 22 玛雅教主 20 1 4 0 249
LFZD2 17 22 梦魇神牛 20 1 4 0 249
LFZD2 17 22 双锤猪王 20 1 4 0 249
LFZD2 17 22 震天魔神 20 1 2 0 249
LFZD2 17 22 九世蝎王 20 1 2 0 249
LFZD2 17 22 骷髅骑士 20 1 2 0 249
LFZD2 17 22 金刚之神 20 1 2 0 249
LFZD2 17 22 幽灵死神 20 1 2 0 249
LFZD2 17 22 困兽之王 20 1 2 0 249
LFZD2 17 22 黄金神兽 20 1 12 0 249



;━━━━━━


;遗忘地牢


MZJT1 46 57 牛魔祭祀 30 20 3
MZJT1 46 57 牛魔将军 30 20 3
MZJT1 46 57 祖玛雕像3 30 20 3
MZJT1 46 57 祖玛弓箭手3 30 20 3
MZJT1 46 57 祖玛卫士3 30 20 3
MZJT1 46 57 邪恶钳虫 30 10 3
MZJT1 46 57 白野猪 30 10 3
MZJT1 46 57 沃玛卫士 30 10 3
MZJT1 46 57 虹魔蝎卫 30 10 3
MZJT1 46 57 虹魔鳄鱼 30 10 3
MZJT1 46 57 祖玛将军 30 10 3
MZJT1 46 57 双头血魔 30 1 2
MZJT1 46 57 双头金刚 30 1 2 0 254
MZJT1 46 57 双头血魔 30 1 2 0 254
MZJT1 46 57 双头金刚 30 1 2 0 254
MZJT1 46 57 兽魂猪妖 30 1 2 0 254
MZJT1 46 57 炼狱教主 30 1 2 0 254
MZJT1 46 57 深海龙王 30 1 2 0 254
MZJT1 46 57 邪恶重锤 30 1 2 0 254
MZJT1 46 57 暗黑蛇妖 30 1 2 0 254
MZJT1 46 57 暗黑蛇妖 30 1 2 0 254
MZJT1 46 57 地藏统领 30 1 2 0 254
MZJT1 46 57 死亡恶魔 30 1 3 0 254
MZJT1 46 57 死亡蛇妖 30 1 3 0 254
MZJT1 46 45 火域龙王 100 1 2 0 249
MZJT1 46 45 梦魇神牛 100 1 4 0 249
MZJT1 46 45 双锤猪王 100 1 4 0 249
MZJT1 46 45 九世蝎王 100 1 4 0 249
MZJT1 46 45 骷髅骑士 100 1 2 0 249
MZJT1 46 45 震天守将 100 1 2 0 249
MZJT1 46 45 震天魔神 100 1 2 0 249
MZJT1 46 45 金刚之神 100 2 4 0 249
MZJT1 46 45 幽灵死神 100 2 4 0 249
MZJT1 46 45 困兽之王 100 2 4 0 249
MZJT1 46 45 千年树妖 100 2 4 0 249






MZJT2 22 14 月魔蜘蛛 30 3 2
MZJT2 22 14 牛魔祭祀 30 3 3
MZJT2 22 14 牛魔将军 30 3 3
MZJT2 22 14 祖玛雕像3 30 5 3
MZJT2 22 14 祖玛弓箭手3 30 5 3
MZJT2 22 14 祖玛卫士3 30 3 3
MZJT2 22 14 邪恶钳虫 30 3 2
MZJT2 22 14 白野猪 30 3 2
MZJT2 22 14 沃玛卫士 30 3 2
MZJT2 22 14 虹魔蝎卫 30 3 2
MZJT2 22 14 虹魔鳄鱼 30 3 2
MZJT2 22 14 祖玛将军 30 3 2
MZJT2 22 14 双头血魔 30 1 2 0 254
MZJT2 22 14 双头金刚 30 1 2 0 254
MZJT2 22 14 兽魂猪妖 30 1 3 0 254
MZJT2 22 14 邪恶重锤 30 1 3 0 254
MZJT2 22 14 暗黑蛇妖 30 1 3 0 254
MZJT2 22 14 暗黑蛇妖 30 1 3 0 254
MZJT2 22 14 深海龙王 30 1 3 0 254
MZJT2 22 14 兽魂猪妖 30 1 3 0 254
MZJT2 22 14 炼狱教主 30 1 3 0 254
MZJT2 22 14 死亡恶魔 30 1 3 0 254
MZJT2 22 14 死亡蛇妖 30 1 3 0 254
MZJT2 22 14 地藏统领 30 1 3 0 254
MZJT2 22 14 深海巨人 30 1 3 0 254
MZJT2 22 14 火域龙王 30 1 2 0 249



MZJT2 22 14 火域龙王 30 1 2 0 249
MZJT2 22 14 梦魇神牛 30 1 2 0 249
MZJT2 22 14 双锤猪王 30 1 2 0 249
MZJT2 22 14 玛雅教主 30 1 2 0 249
MZJT2 22 14 血狱邪神 30 1 4 0 249
MZJT2 22 14 九世蝎王 30 1 2 0 249
MZJT2 22 14 金刚之神 30 1 4 0 249
MZJT2 22 14 幽灵死神 30 1 4 0 249
MZJT2 22 14 困兽之王 30 1 4 0 249
MZJT2 22 14 黄金神兽 30 1 12 0 249
MZJT2 22 14 千年树妖 30 1 4 0 249



;━━━━━━


;帝王古墓





DWGM1 90 105 未来机甲 100 10 3 0 251
DWGM1 90 105 东海神将 100 10 3 0 251
DWGM1 90 105 海底巨蛇 100 10 3 0 251
DWGM1 90 105 绿色狼人 100 10 3 0 251
DWGM1 90 105 食人花 100 10 3 0 251
DWGM1 90 105 毒素花 100 10 3 0 251
DWGM1 90 105 诅咒战将 100 10 3 0 251
DWGM1 90 105 诅咒射手 100 10 3 0 251
DWGM1 90 105 诅咒魔将 100 10 3 0 251
DWGM1 90 105 诅咒道将 100 10 3 0 251
DWGM1 90 105 毒素食人花 100 10 3 0 251
DWGM1 90 105 地宫恶灵 100 10 3 0 251
DWGM1 90 105 地宫守护 100 10 3 0 251



DWGM1 90 105 牛魔神 100 1 4 0 243
DWGM1 90 105 阿修罗 100 1 4 0 243
DWGM1 90 105 蜘蛛王 100 1 4 0 243
DWGM1 90 105 独臂魔王 100 1 4 0 243
DWGM1 90 105 火焰神 100 1 4 0 243
DWGM1 90 105 怀念天珠 100 1 4 0 234
DWGM1 90 105 蓝色冰龙 100 1 4 0 243
DWGM1 90 105 暗黑火龙 100 1 4 0 243
DWGM1 90 105 黄金火龙 100 1 4 0 243
DWGM1 90 105 沉默战尊 100 1 4 0 249
DWGM1 90 105 沉默魔尊 100 1 4 0 249
DWGM1 90 105 沉默道尊 100 1 4 0 249









DWGM2 35 45 未来机甲 15 5 3 0 251
DWGM2 35 45 东海神将 15 5 3 0 251
DWGM2 35 45 海底巨蛇 15 5 3 0 251
DWGM2 35 45 绿色狼人 15 5 3 0 251
DWGM2 35 45 食人花 15 5 3 0 251
DWGM2 35 45 毒素花 15 5 3 0 251
DWGM2 35 45 诅咒战将 15 5 3 0 251
DWGM2 35 45 诅咒射手 15 5 3 0 251
DWGM2 35 45 诅咒魔将 15 5 3 0 251
DWGM2 35 45 诅咒道将 15 5 3 0 251
DWGM2 35 45 毒素食人花 15 5 3 0 251
DWGM2 35 45 地宫恶灵 15 5 3 0 251
DWGM2 35 45 地宫守护 15 5 3 0 251



DWGM2 35 45 牛魔神 15 1 3 0 243
DWGM2 35 45 阿修罗 15 1 3 0 243
DWGM2 35 45 蜘蛛王 15 1 3 0 243
DWGM2 35 45 怀念天珠 15 1 4 0 234
DWGM2 35 45 沉默战尊 15 1 4 0 249
DWGM2 35 45 沉默道尊 15 1 4 0 249
DWGM2 35 45 沉默魔尊 15 1 4 0 249
DWGM2 35 45 黄金神兽 15 1 12 0 249
DWGM2 19 20 千古帝王 0 1 6 0 249






;━━━━━━


;死亡峡谷


TYJD 44 49 月魔蜘蛛 50 10 2
TYJD 44 49 祖玛雕像3 50 10 2
TYJD 44 49 祖玛弓箭手3 50 10 2
TYJD 44 49 祖玛卫士3 50 10 2
TYJD 44 49 牛魔将军 50 10 2
TYJD 44 49 牛魔祭司 50 10 2
TYJD 44 49 虹魔蝎卫 50 10 2
TYJD 44 49 虹魔鳄鱼 50 10 2
TYJD 44 49 祖玛将军 50 10 2
TYJD 44 49 沃玛卫士 50 10 2
TYJD 44 49 白野猪 50 10 2
TYJD 44 49 邪恶钳虫 50 10 2
TYJD 44 49 双头金刚 50 1 2 0 254
TYJD 44 49 双头血魔 50 1 2 0 254
TYJD 44 49 暗黑蛇妖 50 1 2 0 254
TYJD 44 49 深海龙王 50 1 4 0 254
TYJD 44 49 炼狱教主 50 1 4 0 254
TYJD 44 49 兽魂猪妖 50 1 4 0 254
TYJD 44 49 地藏统领 50 1 4 0 254
TYJD 44 49 邪恶重锤 50 1 4 0 254
TYJD 44 49 暗黑蛇妖 50 1 4 0 254
TYJD 44 49 地藏统领 50 1 4 0 254
TYJD 44 49 死亡恶魔 50 1 3 0 254
TYJD 44 49 死亡蛇妖 50 1 3 0 254
TYJD 44 49 双头金刚 50 1 2 0 254
TYJD 44 49 双头血魔 50 1 2 0 254
TYJD 44 49 暗黑蛇妖 50 1 4 0 254
TYJD 44 49 深海龙王 50 1 4 0 254
TYJD 44 49 炼狱教主 50 1 4 0 254
TYJD 44 49 兽魂猪妖 50 1 4 0 254
TYJD 44 49 地藏统领 50 1 4 0 254
TYJD 44 49 邪恶重锤 50 1 4 0 254
TYJD 44 49 暗黑蛇妖 50 1 4 0 254
TYJD 44 49 地藏统领 50 1 4 0 254
TYJD 44 49 火域龙王 50 1 2 0 249
TYJD 44 49 梦魇神牛 50 1 4 0 249
TYJD 44 49 双锤猪王 50 1 4 0 249
TYJD 44 49 九世蝎王 50 1 2 0 249
TYJD 44 49 骷髅骑士 50 1 2 0 249
TYJD 44 49 震天守将 50 1 2 0 249
TYJD 44 49 震天魔神 50 1 2 0 249
TYJD 44 49 金刚之神 50 2 4 0 249
TYJD 44 49 幽灵死神 50 2 4 0 249
TYJD 44 49 困兽之王 50 2 4 0 249
TYJD 44 49 千年树妖 50 2 4 0 249



TYJD2 15 22 死亡恶魔 30 1 3 0 254
TYJD2 15 22 死亡蛇妖 30 1 3 0 254
TYJD2 15 22 深海巨人 30 1 2 0 254
TYJD2 15 22 千年树妖 30 1 4 0 249
TYJD2 15 22 火域龙王 30 1 2 0 249
TYJD2 15 22 梦魇神牛 30 1 2 0 249
TYJD2 15 22 双锤猪王 30 1 2 0 249
TYJD2 15 22 人头狮身 30 1 2 0 249
TYJD2 15 22 炼狱魔君 30 1 4 0 249
TYJD2 15 22 九世蝎王 30 1 2 0 249
TYJD2 15 22 骷髅骑士 30 1 2 0 249
TYJD2 15 22 黄金神兽 30 1 12 0 249



;━━━━━━━━━━━━━━━━━━━━━━━━━━━━━━━━


;静寂之岛


极度宫殿 71 41 牛魔祭祀 30 10 3
极度宫殿 71 41 牛魔将军 30 10 3
极度宫殿 71 41 祖玛雕像3 30 10 3
极度宫殿 71 41 祖玛弓箭手3 30 10 3
极度宫殿 71 41 祖玛卫士3 30 10 3
极度宫殿 71 41 邪恶钳虫 30 5 3
极度宫殿 71 41 白野猪 30 5 3
极度宫殿 71 41 沃玛卫士 30 5 3
极度宫殿 71 41 虹魔蝎卫 30 5 3
极度宫殿 71 41 虹魔鳄鱼 30 5 3
极度宫殿 71 41 祖玛将军 30 5 3
极度宫殿 71 41 双头血魔 30 1 2 0 254
极度宫殿 71 41 双头金刚 30 1 2 0 254
极度宫殿 71 41 双头血魔 30 1 4 0 254
极度宫殿 71 41 双头金刚 30 1 4 0 254
极度宫殿 71 41 兽魂猪妖 30 1 4 0 254
极度宫殿 71 41 炼狱教主 30 1 4 0 254
极度宫殿 71 41 深海龙王 30 1 4 0 254
极度宫殿 71 41 邪恶重锤 30 1 3 0 254
极度宫殿 71 41 暗黑蛇妖 30 1 3 0 254
极度宫殿 71 41 暗黑蛇妖 30 1 3 0 254
极度宫殿 71 41 地藏统领 30 1 3 0 254
极度宫殿 71 41 死亡恶魔 30 1 3 0 254
极度宫殿 71 41 死亡蛇妖 30 1 3 0 254
极度宫殿 71 41 火域龙王 30 1 2 0 249
极度宫殿 71 41 双锤猪王 30 1 4 0 249
极度宫殿 71 41 人头狮身 30 1 2 0 249
极度宫殿 71 41 玛雅教主 30 1 4 0 249
极度宫殿 71 41 千年树妖 30 1 2 0 249
极度宫殿 71 41 人头狮身 30 1 2 0 249
极度宫殿 71 41 金刚之神 30 1 2 0 249
极度宫殿 71 41 幽灵死神 30 1 2 0 249
极度宫殿 71 41 困兽之王 30 1 2 0 249
极度宫殿 71 41 黄金神兽 30 1 12 0 249






极度皇宫 36 40 死亡恶魔 50 3 3 0 254
极度皇宫 36 40 死亡蛇妖 50 3 3 0 254
极度皇宫 36 40 深海巨人 50 3 3 0 254
极度皇宫 36 40 千年树妖 50 1 3 0 249
极度皇宫 36 40 火域龙王 50 1 2 0 249
极度皇宫 36 40 梦魇神牛 50 1 4 0 249
极度皇宫 36 40 玛雅教主 50 1 4 0 249
极度皇宫 36 40 双锤猪王 50 1 4 0 249
极度皇宫 36 40 人头狮身 50 1 2 0 249
极度皇宫 36 40 炼狱魔君 50 1 4 0 249
极度皇宫 36 40 血狱邪神 50 1 4 0 249
极度皇宫 36 40 焚心炎帝 50 1 6 0 249
极度皇宫 36 40 九世蝎王 50 1 2 0 249
极度皇宫 36 40 震天魔神 50 1 2 0 249
极度皇宫 36 40 金刚之神 50 1 2 0 249
极度皇宫 36 40 幽灵死神 50 1 2 0 249
极度皇宫 36 40 困兽之王 50 1 2 0 249
极度皇宫 36 40 黄金神兽 50 1 12 0 249



;━━━━━━━━━━━━━━━━━━━━━━━━━━━━━━━━


;桃源禁地


SWTY 100 100 月魔蜘蛛 100 10 3
SWTY 100 100 祖玛雕像3 100 20 3
SWTY 100 100 祖玛弓箭手3 100 20 3
SWTY 100 100 祖玛卫士3 100 20 3
SWTY 100 100 牛魔将军 100 20 3
SWTY 100 100 牛魔祭司 100 20 3
SWTY 100 100 虹魔蝎卫 100 20 3
SWTY 100 100 虹魔鳄鱼 100 20 3
SWTY 100 100 祖玛将军 100 20 3
SWTY 100 100 沃玛卫士 100 20 3
SWTY 100 100 白野猪 100 20 3
SWTY 100 100 邪恶钳虫 100 20 3
SWTY 100 100 双头金刚 100 2 2 0 254
SWTY 100 100 双头血魔 100 2 2 0 254
SWTY 100 100 暗黑蛇妖 100 2 2 0 254
SWTY 100 100 深海龙王 100 2 4 0 254
SWTY 100 100 炼狱教主 100 2 4 0 254
SWTY 100 100 兽魂猪妖 100 2 4 0 254
SWTY 100 100 地藏统领 100 2 4 0 254
SWTY 100 100 邪恶重锤 100 2 4 0 254
SWTY 100 100 暗黑蛇妖 100 2 4 0 254
SWTY 100 100 地藏统领 100 2 4 0 254
SWTY 100 100 死亡恶魔 100 2 3 0 254
SWTY 100 100 死亡蛇妖 100 2 3 0 254
SWTY 100 100 双头金刚 100 2 2 0 254
SWTY 100 100 双头血魔 100 2 2 0 254
SWTY 100 100 暗黑蛇妖 100 2 4 0 254
SWTY 100 100 深海龙王 100 2 4 0 254
SWTY 100 100 炼狱教主 100 2 4 0 254
SWTY 100 100 兽魂猪妖 100 2 4 0 254
SWTY 100 100 地藏统领 100 2 4 0 254
SWTY 100 100 邪恶重锤 100 2 4 0 254
SWTY 100 100 暗黑蛇妖 100 2 4 0 254
SWTY 100 100 地藏统领 100 2 4 0 254
SWTY 100 100 死亡恶魔 100 2 3 0 254
SWTY 100 100 死亡蛇妖 100 2 3 0 254



SWTY 100 100 深海巨人 100 2 2 0 254
SWTY 100 100 火域龙王 100 2 2 0 249
SWTY 100 100 梦魇神牛 100 2 2 0 249
SWTY 100 100 玛雅教主 100 2 2 0 249
SWTY 100 100 双锤猪王 100 2 2 0 249
SWTY 100 100 人头狮身 100 2 2 0 249



SWTY 100 100 震天魔神 100 2 2 0 249
SWTY 100 100 九世蝎王 100 2 2 0 249
SWTY 100 100 骷髅骑士 100 2 2 0 249
SWTY 100 100 震天守将 100 2 2 0 249
SWTY 100 100 困兽之王 100 2 2 0 249
SWTY 100 100 金刚之神 100 2 2 0 249
SWTY 100 100 战斧巨兽 100 2 2 0 249
SWTY 100 100 火蚁 100 2 2 0 249
SWTY 100 100 幽灵死神 100 2 2 0 249
SWTY 100 100 千年树妖 100 4 2 0 249
SWTY 100 100 黄金神兽 100 1 12 0 249
SWTY 100 100 万年树妖 100 4 4 0 251



SWTY 100 100 血狱邪神 100 1 4 0 249
SWTY 100 100 炼狱魔君 100 1 4 0 249
SWTY 100 100 焚心炎帝 100 1 4 0 249
SWTY 99 100 恶魔蜘蛛 0 1 6 0 249





















;━━━━━━━━━━━━━━━━━━━━━━━━━━━━━━━━


;卧龙山庄


YHSD1 125 124 死亡蛇妖 200 13 3 0 254
YHSD1 125 124 人头狮身 200 1 2 0 249
YHSD1 125 124 冥王邪僧 200 13 3 0 151
YHSD1 125 124 噬魂巫妖 200 13 3 0 151
YHSD1 125 124 罗刹战神 200 13 3 0 151
YHSD1 125 124 赤霄恶魔 200 13 3 0 151
YHSD1 125 124 沃玛恶魔 200 13 3 0 151
YHSD1 125 124 祖玛恶魔 200 13 3 0 151



YHSD1 125 124 万年神树 200 1 4 0 251
YHSD1 125 124 万年神树 200 1 4 0 251
YHSD1 125 124 万年神树 200 1 4 0 251
YHSD1 127 157 万年神树 200 1 4 0 251






YHSD1 125 124 震天魔神 200 2 2 0 249
YHSD1 125 124 九世蝎王 200 2 2 0 249
YHSD1 125 124 骷髅骑士 200 2 2 0 249
YHSD1 127 157 震天守将 200 2 2 0 249
YHSD1 127 157 困兽之王 200 2 2 0 249
YHSD1 127 157 金刚之神 200 2 2 0 249
YHSD1 127 157 战斧巨兽 200 2 2 0 249
YHSD1 127 157 火蚁 200 2 2 0 249
YHSD1 127 157 幽灵死神 200 2 2 0 249
YHSD1 127 157 黄金神兽 200 1 12 0 249






YHSD1 125 124 炼狱魔君 100 3 4 0 249
YHSD1 125 124 欲火邪神 100 1 6 0 249
YHSD1 125 124 卧龙魔王 200 1 6 0 249
YHSD1 125 124 火龙教主 200 1 8 0 249
YHSD1 67 50 卧龙庄主 0 1 8 0 243



YHSD1 145 121 玛法战神 200 1 8 0 249
YHSD1 145 121 玛法魔尊 200 1 8 0 249
YHSD1 145 121 玛法道尊 200 1 8 0 249



;━━━━━━━━━━━━━━━━━━━━━━━━━━━━━━━━


;卧龙山庄2


YHSD2 145 121 死亡蛇妖 40 13 3 0 254
YHSD2 145 121 人头狮身 200 1 2 0 249
YHSD2 145 121 冥王邪僧 200 13 3 0 151
YHSD2 145 121 噬魂巫妖 200 13 3 0 151
YHSD2 145 121 罗刹战神 200 13 3 0 151
YHSD2 145 121 赤霄恶魔 200 13 3 0 151
YHSD2 145 121 沃玛恶魔 200 13 3 0 151
YHSD2 145 121 祖玛恶魔 200 13 3 0 151



YHSD2 145 121 万年神树 50 1 4 0 251
YHSD2 145 121 万年神树 50 1 4 0 251
YHSD2 145 121 万年神树 50 1 4 0 251
YHSD2 145 121 万年神树 50 1 4 0 251



YHSD2 145 121 震天魔神 200 2 2 0 249
YHSD2 145 121 九世蝎王 200 2 2 0 249
YHSD2 145 121 骷髅骑士 200 2 2 0 249
YHSD2 145 121 震天守将 200 2 2 0 249
YHSD2 145 121 困兽之王 200 2 4 0 249
YHSD2 145 121 金刚之神 200 2 2 0 249
YHSD2 145 121 战斧巨兽 200 2 2 0 249
YHSD2 145 121 火蚁 200 2 2 0 249
YHSD2 145 121 幽灵死神 200 2 4 0 249
YHSD2 145 121 黄金神兽 200 1 12 0 249






YHSD2 145 121 炼狱魔君 100 3 4 0 249
YHSD2 145 121 欲火邪神 100 1 6 0 249
YHSD2 145 121 卧龙魔王 5 1 6 0 249
YHSD2 145 121 火龙教主 0 1 8 0 249



YHSD2 67 50 庄主夫人 0 1 8 0 243



YHSD2 145 121 玛法战神 200 1 8 0 249
YHSD2 145 121 玛法魔尊 200 1 8 0 249
YHSD2 145 121 玛法道尊 200 1 8 0 249



;━━━━━━━━━━━━━━━━━━━━━━━━━━━━━━━━


;神兽山庄


dtmc 240 205 未来机甲 300 25 2 0 251
dtmc 240 205 绿色狼人 300 25 2 0 251
dtmc 240 205 食人花 300 25 2 0 251
dtmc 240 205 毒素花 300 25 2 0 251
dtmc 240 205 毒素食人花 300 25 2 0 251
dtmc 240 205 地宫守护 300 15 3 0 251
dtmc 240 205 地宫恶灵 300 15 3 0 251
dtmc 240 205 诅咒射手 300 15 3 0 251
dtmc 240 205 诅咒魔将 300 15 3 0 251
dtmc 240 205 诅咒道将 300 15 3 0 251
dtmc 240 205 毒素食人花 300 15 3 0 251
dtmc 240 205 地宫蛇妖 300 15 3 0 251
dtmc 240 205 地宫紫龙 300 15 3 0 251
dtmc 240 205 冰宫雪狼 300 15 3 0 251
dtmc 240 205 冰宫法师 300 15 4 0 251
dtmc 240 205 冰宫骑士 300 15 4 0 251
dtmc 240 205 诅咒战将 300 15 4 0 251
dtmc 240 205 五彩花 300 15 4 0 249
dtmc 240 205 巨斧战尊 300 15 4 0 249
dtmc 240 205 恶魔蟾蜍 300 15 4 0 249
dtmc 240 205 牛魔神 300 15 4 0 243
dtmc 240 205 阿修罗 300 15 4 0 243
dtmc 240 205 独臂魔王 300 15 4 0 243
dtmc 240 205 火焰神 300 6 4 0 243
dtmc 240 205 蜘蛛王 300 6 4 0 243
dtmc 240 205 死神 300 5 3 0 251
dtmc 240 205 巫僧 300 5 3 0 251
dtmc 240 205 沉默之锤 300 5 3 0 251
dtmc 240 205 虎王蜘蛛 300 5 3 0 251
dtmc 240 205 沉默蜘蛛 300 5 3 0 251



dtmc 240 205 黄金神兽 300 1 12 0 249
dtmc 240 205 沉默战尊 300 4 8 0 249
dtmc 240 205 沉默魔尊 300 4 8 0 249
dtmc 240 205 沉默道尊 300 4 8 0 249



dtmc 240 205 火龙魔王 300 2 8 0 234
dtmc 240 205 怀念天珠 300 2 8 0 234
dtmc 240 205 冰宫水母 300 2 8 0 243
;神兽地宫


fmdt 19 20 神兽青龙 0 1 15 0 233



fmdt 19 20 沉默战尊 0 2 8 0 249
fmdt 19 20 沉默魔尊 0 2 8 0 249
fmdt 19 20 沉默道尊 0 2 8 0 249
;神兽地宫


dzdt 19 20 神兽玄武 0 1 15 0 233



dzdt 19 20 沉默战尊 0 2 8 0 249
dzdt 19 20 沉默魔尊 0 2 8 0 249
dzdt 19 20 沉默道尊 0 2 8 0 249
;神兽地宫


zzdt 19 20 神兽虎王 0 1 15 0 233



zzdt 19 20 沉默战尊 0 2 8 0 249
zzdt 19 20 沉默魔尊 0 2 8 0 249
zzdt 19 20 沉默道尊 0 2 8 0 249






;幽灵船海底残骸


DHA 74 133 地下叉鬼 50 15 2
;=============================================================================================================================


;幽灵船神舰一层


DHB 100 100 黑衣法师 100 30 2
DHB 100 100 红衣法师 100 30 2
DHB 100 100 犬猴魔 100 30 2
DHB 100 100 恶魔幽灵 100 30 2
DHB 100 100 触角神魔 100 30 2
DHB 100 100 爆毒神魔 100 30 2
DHB 100 100 轻甲守卫 100 30 2
DHB 100 100 恶形怪 100 30 2
DHB 100 100 海神将领 100 30 2
DHB 100 100 黑衣法师 100 20 2
DHB 100 100 红衣法师 100 20 2
DHB 100 100 犬猴魔 100 20 2
DHB 100 100 恶魔幽灵 100 20 2
DHB 100 100 触角神魔 100 20 2
DHB 100 100 爆毒神魔 100 20 2
DHB 100 100 轻甲守卫 100 20 2
DHB 100 100 恶形怪 100 20 2
DHB 100 100 海神将领 100 20 2
DHB 100 100 黑衣法师 100 20 2
DHB 100 100 红衣法师 100 20 2
DHB 100 100 犬猴魔 100 20 2
DHB 100 100 恶魔幽灵 100 20 2
DHB 100 100 触角神魔 100 20 2
DHB 100 100 爆毒神魔 100 20 2
DHB 100 100 轻甲守卫 100 20 2
DHB 100 100 恶形怪 100 20 2
DHB 100 100 海神将领 100 20 2
DHB 100 100 死亡蛇妖 50 3 2 0 254
DHB 100 100 地藏统领 50 3 2 0 254
DHB 100 100 邪恶重锤 50 3 2 0 254
DHB 100 100 幽灵死神 50 2 4 0 249
DHB 100 100 千年树妖 50 2 4 0 249
DHB 100 100 黄金神兽 50 1 12 0 249
DHB 100 100 火蚁 50 2 4 0 249
;=============================================================================================================================


;幽灵船神舰二层


DHC 100 100 黑衣法师 100 30 2
DHC 100 100 红衣法师 100 30 2
DHC 100 100 犬猴魔 100 30 2
DHC 100 100 恶魔幽灵 100 30 2
DHC 100 100 触角神魔 100 30 2
DHC 100 100 爆毒神魔 100 30 2
DHC 100 100 轻甲守卫 100 30 2
DHC 100 100 恶形怪 100 30 2
DHC 100 100 海神将领 100 30 2
DHC 100 100 黑衣法师 100 20 2
DHC 100 100 红衣法师 100 20 2
DHC 100 100 犬猴魔 100 20 2
DHC 100 100 恶魔幽灵 100 20 2
DHC 100 100 触角神魔 100 20 2
DHC 100 100 爆毒神魔 100 20 2
DHC 100 100 轻甲守卫 100 20 2
DHC 100 100 恶形怪 100 20 2
DHC 100 100 海神将领 100 20 2
DHC 100 100 黑衣法师 100 20 2
DHC 100 100 红衣法师 100 20 2
DHC 100 100 犬猴魔 100 20 2
DHC 100 100 恶魔幽灵 100 20 2
DHC 100 100 触角神魔 100 20 2
DHC 100 100 爆毒神魔 100 20 2
DHC 100 100 轻甲守卫 100 20 2
DHC 100 100 恶形怪 100 20 2
DHC 100 100 海神将领 100 20 2
DHC 100 100 死亡蛇妖 50 3 2 0 254
DHC 100 100 地藏统领 50 3 2 0 254
DHC 100 100 邪恶重锤 50 3 2 0 254
DHC 100 100 幽灵死神 50 2 4 0 249
DHC 100 100 千年树妖 50 2 4 0 249
DHC 100 100 黄金神兽 50 1 12 0 249
DHC 100 100 火蚁 50 2 4 0 249
;=============================================================================================================================


;幽灵船神舰三层


DHD 100 100 黑衣法师 100 30 2
DHD 100 100 红衣法师 100 30 2
DHD 100 100 犬猴魔 100 30 2
DHD 100 100 恶魔幽灵 100 30 2
DHD 100 100 触角神魔 100 30 2
DHD 100 100 爆毒神魔 100 30 2
DHD 100 100 轻甲守卫 100 30 2
DHD 100 100 恶形怪 100 30 2
DHD 100 100 海神将领 100 30 2
DHD 100 100 黑衣法师 100 30 2
DHD 100 100 红衣法师 100 30 2
DHD 100 100 犬猴魔 100 30 2
DHD 100 100 恶魔幽灵 100 30 2
DHD 100 100 触角神魔 100 30 2
DHD 100 100 爆毒神魔 100 20 2
DHD 100 100 轻甲守卫 100 20 2
DHD 100 100 恶形怪 100 20 2
DHD 100 100 海神将领 100 20 2
DHD 100 100 黑衣法师 100 20 2
DHD 100 100 红衣法师 100 20 2
DHD 100 100 犬猴魔 100 20 2
DHD 100 100 恶魔幽灵 100 20 2
DHD 100 100 触角神魔 100 20 2
DHD 100 100 爆毒神魔 100 20 2
DHD 100 100 轻甲守卫 100 20 2
DHD 100 100 恶形怪 100 20 2
DHD 100 100 海神将领 100 20 2
DHD 100 100 死亡蛇妖 50 3 2 0 254
DHD 100 100 地藏统领 50 3 2 0 254
DHD 100 100 邪恶重锤 50 3 2 0 254
DHD 100 100 幽灵死神 50 2 4 0 249
DHD 100 100 千年树妖 50 2 4 0 249
DHD 100 100 火蚁 50 2 4 0 249
DHD 100 100 黄金神兽 50 1 12 0 249
;=============================================================================================================================


;幽灵船操控室


DHE 50 50 恶形怪 50 10 2
DHE 50 50 轻甲守卫 50 10 2
DHE 50 50 海神将领 50 10 2
DHE 50 50 犬猴魔 50 10 2
DHE 50 50 恶魔幽灵 20 10 2
DHE 50 50 爆毒神魔 50 10 2
DHE 50 50 触角神魔 50 10 2
DHE 50 50 勇者精灵 50 5 2
DHE 50 50 轻甲守卫 50 8 2
DHE 50 50 恶形怪 50 5 2
DHE 50 50 轻甲守卫 50 5 2
DHE 50 50 海神将领 50 5 2
DHE 50 50 犬猴魔 50 3 2
DHE 50 50 恶魔幽灵 20 8 2
DHE 50 50 爆毒神魔 50 8 2
DHE 50 50 触角神魔 50 10 2
DHE 50 50 勇者精灵 50 5 2
DHE 50 50 轻甲守卫 50 8 2
DHE 50 50 恶形怪 50 5 2
DHE 50 50 轻甲守卫 50 5 2
DHE 50 50 海神将领 50 5 2
DHE 50 50 犬猴魔 50 3 2
DHE 50 50 恶魔幽灵 20 8 2
DHE 50 50 爆毒神魔 50 8 2
DHE 50 50 触角神魔 50 10 2
DHE 50 50 勇者精灵 50 5 2
DHE 50 50 轻甲守卫 50 8 2
DHE 50 50 死亡蛇妖 50 3 2 0 254
DHE 50 50 地藏统领 50 3 2 0 254
DHE 50 50 邪恶重锤 50 3 2 0 254
DHE 50 50 火蚁 50 2 4 0 249
DHE 50 50 幽灵死神 50 2 4 0 249
DHE 50 50 黄金神兽 50 1 12 0 249
DHE 50 50 千年树妖 50 2 4 0 249












;水上城市





ss 60 170 海马精灵 50 30 2
ss 60 170 铠甲幽灵 50 35 2
ss 60 170 海豹兽 50 35 2
ss 60 170 海螺幽灵 50 35 2
ss 60 170 八爪鱼 50 35 2
ss 60 30 海马精灵 50 30 2
ss 60 30 鳄鱼 50 35 2
ss 60 30 海螺幽灵 50 35 2
ss 60 30 八爪鱼 50 35 2
ss 60 30 铠甲幽灵 50 35 2
ss 170 30 海豹兽 50 35 2
ss 170 30 八爪鱼 50 35 2
ss 170 30 鳄鱼 50 30 2
ss 170 30 海螺幽灵 50 35 2
ss 170 30 八爪鱼 50 35 2
ss 170 170 海螺幽灵 50 35 2
ss 170 170 八爪鱼 50 35 2
ss 170 170 海马精灵 50 35 2
ss 170 170 海豹兽 50 30 2
ss 170 170 铠甲幽灵 50 35 2
ss 60 170 海马精灵 50 30 2
ss 60 170 铠甲幽灵 50 35 2
ss 60 170 海豹兽 50 35 2
ss 60 170 海螺幽灵 50 35 2
ss 60 170 八爪鱼 50 25 2
ss 60 30 海马精灵 50 20 2
ss 60 30 鳄鱼 50 25 2
ss 60 30 海螺幽灵 50 25 2
ss 60 30 八爪鱼 50 25 2
ss 60 30 铠甲幽灵 50 25 2
ss 170 30 海豹兽 50 25 2
ss 170 30 八爪鱼 50 25 2
ss 170 30 鳄鱼 50 20 2
ss 170 30 海螺幽灵 50 25 2
ss 170 30 八爪鱼 50 25 2
ss 170 170 海螺幽灵 50 25 2
ss 170 170 八爪鱼 50 25 2
ss 170 170 海马精灵 50 25 2
ss 170 170 海豹兽 50 20 2
ss 170 170 铠甲幽灵 50 25 2
ss 60 170 海马精灵 50 20 2
ss 60 170 铠甲幽灵 50 25 2
ss 60 170 海豹兽 50 25 2
ss 60 170 海螺幽灵 50 25 2
ss 60 170 八爪鱼 50 25 2
ss 60 30 海马精灵 50 20 2
ss 60 30 鳄鱼 50 25 2
ss 60 30 海螺幽灵 50 35 2
ss 60 30 八爪鱼 50 35 2
ss 60 30 铠甲幽灵 50 35 2
ss 170 30 海豹兽 50 35 2
ss 170 30 八爪鱼 50 35 2
ss 170 30 鳄鱼 50 30 2
ss 170 30 海螺幽灵 50 35 2
ss 170 30 八爪鱼 50 35 2
ss 170 170 海螺幽灵 50 35 2
ss 170 170 八爪鱼 50 35 2
ss 170 170 海马精灵 50 35 2
ss 170 170 海豹兽 50 30 2
ss 170 170 铠甲幽灵 50 35 2
ss 170 170 死亡恶魔 50 2 2 0 254
ss 170 170 深海龙王 50 2 2 0 254
ss 170 170 深海巨人 50 2 2 0 254
ss 86 111 困兽之王 0 2 4 0 249
ss 60 30 金刚之神 0 2 4 0 249
ss 170 170 战斧巨兽 0 2 4 0 249
ss 170 170 千年树妖 50 2 4 0 249
ss 170 170 九世蝎王 50 2 4 0 249
ss 170 170 九世蝎王 50 1 8 0 249
;未知暗殿===================================================


M001 200 200 鹿1 200 3 4
M001 200 200 鹿 200 1 12
M001 200 200 稻草人1 200 6 4
M001 200 200 稻草人 200 1 12
M001 200 200 巨型多角虫1 200 50 4
M001 200 200 巨型多角虫 200 1 12
M001 200 200 半兽勇士1 200 100 13
M001 200 200 半兽勇士 200 1 12
M001 200 200 骷髅精灵1 200 24 4
M001 200 200 骷髅精灵 200 1 12
M001 200 200 尸王1 200 24 4
M001 200 200 尸王 200 1 12
M001 200 200 沃玛护卫1 200 48 4
M001 200 200 沃玛护卫 200 1 12
M001 200 200 邪恶钳虫1 200 48 4
M001 200 200 邪恶钳虫 200 1 12
M001 200 200 白野猪1 200 100 13
M001 200 200 白野猪 200 1 12
M001 200 200 邪恶蝎蛇1 200 100 10
M001 200 200 邪恶蝎蛇 200 1 12
M001 200 200 沃玛教主1 200 100 10
M001 200 200 沃玛教主 200 1 12 0 249
M001 200 200 千年树妖 200 2 4 0 249
M001 200 200 火域龙王 200 3 4 0 249
M001 200 200 九世蝎王 200 3 4 0 249
M001 200 200 骷髅骑士 200 3 4 0 249
M001 200 200 千年树妖 200 1 4 0 249
M001 200 200 米尔皇帝 200 3 4 0 249
M001 200 200 震天守将 200 3 4 0 249 0
M001 200 200 震天魔神 200 3 4 0 249 0



;南驽马==================================================





D2051 100 110 驽马战士 100 80 3
D2051 100 110 驽马勇士 100 80 3
D2051 100 110 驽马弓箭手 100 80 3
D2051 100 110 驽马战士0 100 80 3
D2052 50 50 大老鼠1 50 80 3
D2052 50 50 洞蛆1 50 80 3
D2053 150 160 大老鼠1 150 80 3
D2053 150 160 驽马勇士 150 80 3
D2053 150 160 驽马战士 150 80 3
D2053 150 160 驽马弓箭手 150 80 3
D2053 150 160 驽马弓箭手0 150 80 3
D2054 150 150 残尸 150 80 3
D2054 150 150 腐尸 150 80 3
D2054 150 150 残尸0 150 80 3
D2054 150 150 驽马弓箭手 150 80 3
D2055 160 150 残尸 150 80 3
D2055 160 150 腐尸 150 80 3
D2055 160 150 驽马勇士 150 80 3
D2055 160 150 驽马勇士0 150 80 3
D2055 160 150 驽马弓箭手 150 80 3
D2055 160 150 驽马战士 150 80 3
D2055 160 150 驽马精灵 150 80 3
D2055 160 150 驽马精灵0 150 80 3
D2056 150 160 残尸 150 80 3
D2056 150 160 驽马精灵 150 80 3
D2055 160 150 驽马弓箭手 150 80 3
D2055 160 150 驽马弓箭手0 150 80 3
D2055 160 150 驽马勇士0 150 20 3
D2055 160 150 驽马战士0 150 20 3
D2055 160 150 驽马法王0 150 20 3
D2055 120 70 驽马法王 150 1 8






;北驽马==================================================





D2061 100 100 驽马弓箭手 100 80 3
D2061 100 100 驽马勇士 100 80 3
D2061 100 100 驽马战士 100 80 3
D2061 100 100 洞蛆1 100 80 3
D2062 100 90 驽马勇士 100 80 3
D2062 100 90 驽马战士 100 80 3
D2062 100 90 驽马弓箭手 100 80 3
D2062 100 90 驽马弓箭手0 100 80 3
D2063 100 90 洞蛆1 100 80 3
D2063 100 90 驽马战士 100 80 3
D2063 100 90 驽马战士0 100 80 3
D2063 100 90 驽马勇士 100 80 3
D2063 100 90 驽马弓箭手 100 80 3
D2064 110 115 残尸 100 80 3
D2064 110 115 腐尸 100 80 3
D2064 110 115 残尸0 100 80 3
D2064 110 115 驽马弓箭手 100 80 3
D2064 110 115 洞蛆1 100 80 3
D2064 110 115 驽马勇士 100 80 3
D2065 150 150 残尸 150 80 3
D2065 150 150 洞蛆1 150 80 3
D2065 150 150 腐尸 150 80 3
D2065 150 150 驽马战士 150 80 3
D2065 150 150 驽马弓箭手 150 80 3
D2065 150 150 驽马勇士 150 80 3
D2065 150 150 驽马勇士0 150 80 3
D2065 150 150 驽马精灵 150 80 3
D2066 150 170 腐尸 150 80 3
D2066 150 170 驽马精灵 150 80 3
D2066 150 170 山洞蝙蝠1 150 80 3
D2066 150 170 驽马弓箭手 150 80 3
D2066 150 170 驽马精灵0 150 80 3
D2066 150 170 驽马勇士 150 80 3
D2067 150 160 驽马精灵 150 80 3
D2067 150 160 驽马精灵0 150 80 3
D2067 150 160 大老鼠1 150 60 3
D2067 150 160 驽马勇士0 150 80 3
D2067 150 160 驽马勇士 150 80 3
D2067 150 160 驽马战士 150 80 3
D2067 150 160 驽马战士0 150 80 3
D2067 150 160 驽马战士 150 80 3
D2067 150 160 驽马法王0 150 1 4 0 249 0
D2067 150 160 驽马法王1 150 1 4 0 249 0
D2067 100 100 驽马法王 5 1 4 0 249 0



;奴隶洞穴


F004 17 23 奴隶 5 12 3
F004 33 30 奴隶 10 15 3
F004 27 40 奴隶 5 14 3
F004 48 52 奴隶 10 15 3
F004 46 32 奴隶 5 12 3
F005 50 68 奴隶 8 15 3
F004 66 51 奴隶 5 12 3
F004 79 50 奴隶 5 12 3
F004 35 77 奴隶 5 12 3
F004 78 70 奴隶 5 12 3
F004 50 68 米尔皇帝 30 2 2 0 249 0
F004 79 50 震天守将 200 2 2 0 249 0
F004 50 68 千年树妖 200 2 2 0 249 0
F004 50 68 震天魔神 200 2 2 0 249 0



;秦皇陵


Q1 61 56 戈兵俑 90 25 2
Q1 61 56 刀兵俑 90 25 2
Q1 61 56 骑兵俑 90 25 2
Q1 61 56 骑兵俑1 90 25 2
Q1 61 56 皇陵护卫 90 15 2
Q1 61 56 皇陵守卫 90 15 2
Q1 61 56 骷髅骑士 80 2 4 0 249
Q1 61 56 千年树妖 80 2 4 0 249
Q1 61 56 震天守将 80 2 4 0 249
Q1 61 56 震天魔神 80 2 4 0 249






Q2 61 56 戈兵俑 90 25 2
Q2 61 56 刀兵俑 90 25 2
Q2 61 56 骑兵俑 90 25 2
Q2 61 56 骑兵俑1 90 25 2
Q2 61 56 皇陵护卫 90 15 2
Q2 61 56 皇陵守卫 90 15 2
Q2 61 56 骷髅骑士 80 2 4 0 249
Q2 61 56 千年树妖 80 2 4 0 249
Q2 61 56 震天守将 80 2 4 0 249
Q2 61 56 震天魔神 80 2 4 0 249



Q3 61 56 戈兵俑 90 25 2
Q3 61 56 刀兵俑 90 25 2
Q3 61 56 骑兵俑 90 25 2
Q3 61 56 骑兵俑1 90 25 2
Q3 61 56 皇陵护卫 90 15 2
Q3 61 56 皇陵守卫 90 15 2
Q3 61 56 骷髅骑士 80 2 4 0 249
Q3 61 56 千年树妖 80 2 4 0 249
Q3 61 56 震天守将 80 2 4 0 249
Q3 61 56 震天魔神 80 2 4 0 249



Q4 12 40 皇陵护卫 30 5 2
Q4 12 40 皇陵守卫 30 5 2
Q4 12 40 骷髅骑士 80 2 4 0 249
Q4 12 40 千年树妖 80 1 4 0 249
Q4 12 40 震天守将 80 1 4 0 249
Q4 12 40 震天魔神 80 1 4 0 249
Q4 21 12 九世蝎王 0 1 8 0 249
;真天宫





;真天宫一层


TBW1 50 50 石头狮子 50 20 2
TBW1 50 50 火焰狮子 50 20 2
TBW1 50 50 武力神将 50 16 2
TBW1 50 50 地牢紫红女神 50 15 3
TBW1 50 50 魔力神将 50 16 2
TBW1 50 50 地牢绿荫女神 50 15 3
TBW1 50 50 魔宫抛石兵 50 17 2
TBW1 50 50 震天守将 50 2 4 0 249 0
TBW1 50 50 震天魔神 50 2 4 0 249 0
TBW1 50 50 千年树妖 50 2 4 0 249 0



TBW1 61 26 石头狮子 40 20 2
TBW1 61 26 火焰狮子 40 20 2
TBW1 61 26 武力神将 40 16 2
TBW1 61 26 地牢紫红女神 40 15 3
TBW1 61 26 魔力神将 40 16 2
TBW1 61 26 地牢绿荫女神 40 15 3
TBW1 61 26 魔宫抛石兵 40 7 2
;=============================================================================================================================


;真天宫二层


TBW4 100 100 武力神将 100 15 3
TBW4 100 100 魔力神将 100 15 3
TBW4 100 100 地牢绿荫女神 100 15 3
TBW4 100 100 地牢紫红女神 100 15 3
TBW4 100 100 石头狮子 100 15 3
TBW4 100 100 火焰狮子 100 15 3
TBW4 100 100 魔宫抛石兵 100 15 3



TBW4 50 125 武力神将 75 15 3
TBW4 50 125 魔力神将 75 15 3
TBW4 50 125 地牢绿荫女神 75 15 3
TBW4 50 125 地牢紫红女神 75 15 3
TBW4 50 125 石头狮子 75 15 3
TBW4 50 125 火焰狮子 75 15 3
TBW4 50 125 魔宫抛石兵 75 15 3



TBW4 125 75 武力神将 75 15 3
TBW4 125 75 魔力神将 75 15 3
TBW4 125 75 地牢绿荫女神 75 15 3
TBW4 125 75 地牢紫红女神 75 15 3
TBW4 125 75 石头狮子 75 15 3
TBW4 125 75 火焰狮子 75 15 3
TBW4 125 75 魔宫抛石兵 75 15 3



TBW4 100 100 震天魔神 100 2 4 0 249 0
TBW4 100 100 千年树妖 100 2 4 0 249 0
TBW4 100 100 震天守将 100 2 4 0 249 0
;真天宫三层;=============================================================================================================================


TBW6 88 80 武力神将 90 15 3
TBW6 88 80 魔力神将 90 15 3
TBW6 88 80 地牢绿荫女神 90 15 3
TBW6 88 80 地牢紫红女神 90 15 3
TBW6 88 80 石头狮子 90 15 3
TBW6 88 80 火焰狮子 90 15 3
TBW6 88 80 魔宫抛石兵 90 15 3
TBW6 88 80 武力神将 90 15 3
TBW6 88 80 魔力神将 90 15 3
TBW6 88 80 地牢绿荫女神 90 15 3
TBW6 88 80 地牢紫红女神 90 15 3
TBW6 88 80 石头狮子 90 15 3
TBW6 88 80 火焰狮子 90 15 3
TBW6 88 80 魔宫抛石兵 90 15 3
TBW6 88 80 震天守将 90 2 4 0 249 0
TBW6 88 80 震天魔神 90 2 4 0 249 0
TBW6 88 80 千年树妖 90 2 4 0 249 0



;=============================================================================================================================


;真天宫四层


TBW22 50 50 武力神将 50 15 3
TBW22 50 50 魔力神将 50 15 3
TBW22 50 50 地牢绿荫女神 50 15 3
TBW22 50 50 地牢紫红女神 50 15 3
TBW22 50 50 石头狮子 50 15 3
TBW22 50 50 火焰狮子 50 15 3
TBW22 50 50 魔宫抛石兵 50 15 3
TBW22 50 50 武力神将 50 15 3
TBW22 50 50 魔力神将 50 15 3
TBW22 50 50 地牢绿荫女神 50 15 3
TBW22 50 50 地牢紫红女神 50 15 3
TBW22 50 50 石头狮子 50 15 3
TBW22 50 50 火焰狮子 50 15 3
TBW22 50 50 魔宫抛石兵 50 15 3
TBW22 50 50 震天守将 50 2 4 0 249 0
TBW22 50 50 震天魔神 50 2 4 0 249 0
TBW22 50 50 千年树妖 50 2 4 0 249 0
;=============================================================================================================================


;真天宫五层


TBWB 26 22 武力神将 30 15 3
TBWB 26 22 魔力神将 30 15 3
TBWB 26 22 地牢绿荫女神 30 15 3
TBWB 26 22 地牢紫红女神 30 15 3
TBWB 26 22 石头狮子 30 15 3
TBWB 26 22 火焰狮子 30 15 3
TBWB 26 22 魔宫抛石兵 30 15 3
TBWB 26 22 震天守将 30 2 4 0 249 0
TBWB 26 22 震天魔神 30 2 4 0 249 0
TBWB 26 22 千年树妖 30 2 4 0 249 0
;=============================================================================================================================


;真天大殿


TBWOK 20 40 火焰狮子 20 15 3
TBWOK 20 40 石头狮子 20 15 3
TBWOK 33 32 武力神将 20 18 3
TBWOK 38 37 魔力神将 20 18 3
TBWOK 30 30 地牢绿荫女神 20 15 3
TBWOK 30 30 地牢紫红女神 20 15 3
TBWOK 30 30 震天魔神 20 2 4 0 249 0
TBWOK 10 35 震天守将 20 2 4 0 249 0
TBWOK 10 35 千年树妖 20 2 4 0 249 0
;教主之家=============================================================================================================================


D515 22 20 角蝇 20 4 2
D515 73 22 楔蛾 7 6 2
D515 19 24 祖玛教主 0 1 12 0 249
D515 19 24 火龙教主 10 1 8 0 249
D515 19 24 诅咒教主 10 1 4 0 249
D515 19 24 暗之沃玛教主 0 3 2 0 254
D515 19 24 炼狱教主 10 3 2 0 254






;祖玛六层大厅=============================================================================================================================


D5071 20 23 火龙教主 0 1 8 0 249
D5071 20 23 诅咒教主 20 1 4 0 249
D5071 20 23 沃玛教主 20 5 2 0 254
D5071 20 23 炼狱教主 20 5 2 0 254
D5071 20 23 玛雅教主 20 1 4 0 249



D5072 50 50 祖玛教主 50 5 2 0 249
D5072 50 50 祖玛弓箭手 50 20 3
D5072 50 50 祖玛雕像 50 20 3
D5072 50 50 祖玛卫士 50 10 2



D5073 18 74 火龙教主 50 1 8 0 249
D5073 50 50 祖玛教主 50 10 2 0 249
D5073 50 50 祖玛弓箭手 50 40 3
D5073 50 50 祖玛雕像 50 40 3
D5073 50 50 祖玛卫士 50 20 2



D5074 50 50 祖玛教主 50 5 2 0 249
D5074 50 50 祖玛弓箭手 50 20 3
D5074 50 50 祖玛雕像 50 20 3
D5074 50 50 祖玛卫士 50 10 2
;卧龙地宫


n80105 69 70 死亡蛇妖 200 15 2 0 254
n80105 69 70 死亡恶魔 200 15 2 0 254
n80105 69 70 深海龙王 200 15 2 0 254
n80105 69 70 地藏统领 200 15 2 0 254
n80105 69 70 邪恶重锤 200 15 2 0 254
n80105 69 70 赤霄恶魔 200 10 3 0 251
n80105 69 70 祖玛恶魔 200 10 3 0 251
n80105 69 70 冥王邪僧 200 10 3 0 251
n80105 69 70 罗刹战神 200 10 3 0 251
n80105 69 70 沃玛恶魔 200 10 3 0 251
n80105 69 70 噬魂巫妖 200 10 3 0 251



n80105 69 70 恶魔蜘蛛 200 2 4 0 249
n80105 69 70 焚心炎帝 200 2 4 0 249
n80105 69 70 炼狱魔君 200 2 4 0 249
n80105 69 70 血狱邪神 200 2 4 0 249
n80105 69 70 震天魔神 200 2 4 0 249
n80105 69 70 诅咒教主 200 2 4 0 249
n80105 69 70 火龙教主 200 2 4 0 249
n80105 69 70 玛雅教主 200 2 4 0 249
n80105 69 70 九世蝎王 200 2 4 0 249
n80105 69 70 欲火邪神 200 2 4 0 249
n80105 69 70 卧龙魔神 200 2 4 0 249
n80105 69 70 卧龙夫人 200 2 4 0 243
n80105 69 70 卧龙庄主 200 2 4 0 243
n80105 69 70 困兽之王 200 2 4 0 249
n80105 69 70 金刚之神 200 2 4 0 249
n80105 69 70 战斧巨兽 200 2 4 0 249
n80105 69 70 火蚁 200 2 4 0 249
n80105 69 70 幽灵死神 200 2 4 0 249
n80105 69 70 千年树妖 200 2 2 0 249
n80105 69 70 万年树妖 200 2 4 0 249



n80105 69 70 玛法战神 200 3 8 0 249
n80105 69 70 玛法魔尊 200 3 8 0 249
n80105 69 70 玛法道尊 200 3 8 0 249
n80105 69 70 火龙教主 200 3 8 0 249
n80105 69 70 黄金神兽 200 1 12 0 249






;天宫之城


14009海城 87 71 赤霄恶魔 200 25 3 0 251
14009海城 87 71 祖玛恶魔 200 25 3 0 251
14009海城 87 71 冥王邪僧 200 25 3 0 251
14009海城 87 71 罗刹战神 200 25 3 0 251
14009海城 87 71 沃玛恶魔 200 25 3 0 251
14009海城 87 71 噬魂巫妖 200 25 3 0 251






14009海城 163 492 牛魔神 2 1 4 0 243
14009海城 483 489 阿修罗 2 1 4 0 243
14009海城 252 716 独臂魔王 2 1 4 0 243
14009海城 483 489 火焰神 2 1 4 0 243
14009海城 87 71 蜘蛛王 200 2 4 0 243






14009海城 87 71 青龙 200 2 4 0 234
14009海城 87 71 白虎 200 2 4 0 234
14009海城 87 71 朱雀 200 2 4 0 234
14009海城 87 71 玄武 200 2 4 0 234



14009海城 87 71 牛魔神 200 4 8 0 243
14009海城 87 71 阿修罗 200 4 8 0 243
14009海城 87 71 火焰神 200 4 8 0 243
14009海城 87 71 沉默战尊 200 2 8 0 249
14009海城 87 71 沉默魔尊 200 2 8 0 249
14009海城 87 71 沉默道尊 200 2 8 0 249



14009海城 87 71 五彩花 200 4 4 0 249
14009海城 87 71 远古法老 200 4 4 0 249
14009海城 87 71 巨斧战尊 200 4 4 0 249
14009海城 87 71 末日蜘蛛 200 4 4 0 249
14009海城 87 71 巫僧 200 4 4 0 249
14009海城 87 71 沉默蜘蛛 200 4 4 0 249
14009海城 87 71 沉默之锤 200 4 4 0 249
14009海城 87 71 恶魔蟾蜍 200 4 4 0 249
14009海城 87 71 上古魔王 200 2 8 0 233
14009海城 96 70 怀念天珠 0 1 8 0 234
14009海城 87 71 黄金神兽 200 1 12 0 249
14009海城 87 71 九头蛇妖 200 2 8 0 233
14009海城 87 71 黄金火龙 200 2 8 0 243
14009海城 87 71 暗黑火龙 200 2 8 0 243
14009海城 87 71 蓝色冰龙 200 2 8 0 243
14009海城 87 71 冰宫水母 200 2 8 0 243
;堕落坟场


T315 150 140 暗之深海龙王 3 1 4 0 254
T315 124 109 祖玛弓箭手 50 30 3
T315 124 109 祖玛卫士 50 30 3
T315 124 109 祖玛雕像 50 30 3
T315 124 109 祖玛将军 50 30 3
T315 124 109 祖玛教主 100 5 3 0 249
T315 124 109 死亡恶魔 100 5 3 0 254
T315 124 109 死亡蛇妖 100 5 3 0 254
T315 124 109 暗黑蛇妖 100 5 3 0 254
T315 124 109 兽魂猪妖 100 5 3 0 254
T315 124 109 邪恶重锤 100 5 3 0 254
T315 124 109 地藏统领 100 5 3 0 254
T315 124 109 兽魂猪妖 100 5 3 0 254
T315 124 109 炼狱教主 100 5 3 0 254



T315 124 109 千年树妖 100 5 4 0 249
T315 124 109 九世蝎王 100 2 4 0 249
T315 124 109 震天守将 100 10 4 0 249
T315 124 109 震天魔将 100 10 4 0 249
;深渊魔域


T219 50 80 暗之双头金刚 3 1 4 0 254
T219 71 46 祖玛弓箭手 50 30 3
T219 71 46 祖玛卫士 50 30 3
T219 71 46 祖玛雕像 50 30 3
T219 71 46 祖玛将军 50 30 3
T219 71 46 祖玛教主 100 2 3 0 249
T219 71 46 死亡恶魔 100 5 3 0 254
T219 71 46 死亡蛇妖 100 5 3 0 254
T219 71 46 暗黑蛇妖 100 5 3 0 254
T219 71 46 兽魂猪妖 100 5 3 0 254
T219 71 46 邪恶重锤 100 5 3 0 254
T219 71 46 地藏统领 100 5 3 0 254
T219 71 46 兽魂猪妖 100 5 3 0 254
T219 71 46 炼狱教主 100 5 3 0 254



T219 71 46 千年树妖 100 5 4 0 249
T219 71 46 九世蝎王 100 5 4 0 249
T219 71 46 震天守将 100 10 4 0 249
T219 71 46 震天魔将 100 10 4 0 249












;怀念沉默之城


风暴之城 85 350 暗黑火龙 0 1 8 0 249
风暴之城 454 432 蓝色冰龙 0 1 8 0 249
风暴之城 454 50 黄金火龙 0 1 8 0 249
风暴之城 452 253 暗黑火龙 0 1 8 0 249
风暴之城 254 38 蓝色冰龙 0 1 8 0 249



风暴之城 225 194 黄羊 200 100 10
风暴之城 225 194 山猪 200 100 10
风暴之城 225 194 巨型蜗牛 200 100 10
风暴之城 225 194 山神 200 100 10
风暴之城 225 194 山神射手 200 100 10
风暴之城 225 194 双触神 200 100 10
风暴之城 225 194 蓝色饕餮 200 100 10
风暴之城 225 194 小人国王 200 100 10
风暴之城 225 194 小人国射手 200 100 10
风暴之城 225 194 山贼 200 100 10
风暴之城 225 194 山妖 200 100 10
风暴之城 225 194 小妖怪 200 100 10



风暴之城 225 194 未来机甲 200 20 3 0 251
风暴之城 225 194 绿色狼人 200 20 3 0 251
风暴之城 225 194 东海神将 200 20 3 0 251
风暴之城 225 194 海底巨蛇 200 20 3 0 251
风暴之城 225 194 食人恶魔 200 20 3 0 251
风暴之城 225 194 食人花 200 20 3 0 251
风暴之城 225 194 毒素花 200 20 3 0 251
风暴之城 225 194 诅咒战将 200 20 3 0 251
风暴之城 225 194 诅咒射手 200 20 3 0 251
风暴之城 225 194 诅咒魔将 200 20 3 0 251
风暴之城 225 194 诅咒道将 200 20 3 0 251
风暴之城 225 194 毒素食人花 200 20 3 0 251
风暴之城 225 194 石头巨人 200 20 3 0 251






风暴之城 225 194 五彩花 200 10 4 0 249
风暴之城 225 194 远古法老 200 10 4 0 249
风暴之城 225 194 巨斧战尊 200 10 4 0 249
风暴之城 225 194 末日蜘蛛 200 10 4 0 249
风暴之城 225 194 巫僧 200 10 4 0 249
风暴之城 225 194 沉默蜘蛛 200 10 4 0 249
风暴之城 225 194 虎王蜘蛛 200 10 4 0 249
风暴之城 225 194 沉默之锤 200 10 4 0 249
风暴之城 225 194 恶魔蟾蜍 200 10 4 0 249
风暴之城 225 194 死神 200 10 4 0 249



风暴之城 225 194 沉默战尊 200 3 8 0 249
风暴之城 225 194 沉默魔尊 200 3 8 0 249
风暴之城 225 194 沉默道尊 200 3 8 0 249
风暴之城 225 194 万年树妖 200 2 4 0 249



风暴之城 225 194 黄金神兽 200 1 12 0 249
风暴之城 388 134 怀念天珠 0 1 8 0 249
风暴之城 284 406 怀念天珠 0 1 8 0 249
风暴之城 139 138 怀念天珠 0 1 8 0 249
;上古之地


0613005 110 87 地宫恶灵 200 10 2 0 251
0613005 110 87 地宫守护 200 10 2 0 251
0613005 110 87 冰宫雪狼 200 10 2 0 251
0613005 110 87 冰宫法师 200 10 2 0 251
0613005 110 87 冰宫骑士 200 10 2 0 251
0613005 110 87 食人花 200 10 2 0 251
0613005 110 87 沉默战尊 200 2 8 0 249
0613005 110 87 沉默魔尊 200 2 8 0 249
0613005 110 87 沉默道尊 200 2 8 0 249
0613005 110 87 万年树妖 200 2 4 0 249



0613005 110 87 火龙魔王 200 3 8 0 234
0613005 110 87 冰宫水母 200 3 4 0 243
0613005 110 87 牛魔神 200 3 4 0 243
0613005 110 87 阿修罗 200 1 8 0 243
0613005 110 87 火焰神 200 1 8 0 243
0613005 110 87 蜘蛛王 200 1 8 0 243
0613005 110 87 上古魔王 200 2 8 0 233
0613005 96 106 怀念天珠 0 1 8 0 234
;困兽之境


23080204 81 81 远古法老 60 4 4 0 249
23080204 81 81 恶魔蟾蜍 60 4 4 0 249
23080204 81 81 末日蜘蛛 60 4 4 0 249
23080204 81 81 沉默之锤 60 4 4 0 249
23080204 81 81 巨斧战尊 60 4 4 0 249
23080204 81 81 白虎 60 2 4 0 234
23080204 81 81 朱雀 60 2 4 0 234
23080204 81 81 玄武 60 2 4 0 234
23080204 81 81 沉默战尊 60 1 8 0 249
23080204 81 81 沉默魔尊 60 1 8 0 249
23080204 81 81 沉默道尊 60 1 8 0 249
23080204 135 46 九头蛇妖 0 1 8 0 233
23080204 47 133 九头蛇妖 0 1 8 0 233
23080204 104 105 九头蛇妖 0 1 8 0 233
23080204 110 87 上古魔王 200 2 8 0 233
23080204 89 90 怀念天珠 0 1 8 0 234
23080204 89 90 黄金神兽 200 2 12 0 249
23080204 89 90 万年树妖 200 2 4 0 249



;海底深渊


D4308x 72 65 沉默战尊 60 2 4 0 249
D4308x 72 65 沉默魔尊 60 2 4 0 249
D4308x 72 65 沉默道尊 60 2 4 0 249
D4308x 72 65 万年树妖 60 2 4 0 249



D4308x 72 65 九头蛇妖 60 2 4 0 233
D4308x 72 65 上古魔王 60 2 4 0 233
D4308x 72 65 魔神 60 2 4 0 233
D4308x 98 48 深海统治者 0 1 8 0 233
D4308x 68 68 怀念天珠 0 1 2 0 234



;幻境


;--------------------------------------------------


;幻境一层


H001 75 75 蜈蚣8 75 30 2
H001 75 75 钳虫8 75 30 2
H001 75 75 跳跳蜂8 75 30 2
H001 75 75 黑色恶蛆8 75 30 2
H001 75 75 恶灵僵尸8 75 30 2
H001 75 75 恶灵僵尸8 75 30 2
H001 75 75 恶灵僵尸8 75 30 2
H001 75 75 恶灵僵尸8 75 30 2
H001 75 75 恶灵尸王8 75 10 3
H001 75 75 骷髅精灵8 75 2 2
H001 75 75 骷髅精灵8 75 2 2
H001 75 75 骷髅精灵8 75 2 2
H001 75 75 尸王 75 2 2
H001 75 75 尸王 75 2 2



;幻境二层


;--------------------------------------------------


H002 251 41 红野猪8 30 15 2
H002 321 72 红野猪8 30 15 2
H002 363 146 红野猪8 30 15 2
H002 172 59 红野猪8 30 15 2
H002 210 93 红野猪8 30 15 2
H002 262 140 红野猪8 30 15 2
H002 309 19 红野猪8 30 15 2
H002 350 303 红野猪8 30 15 2
H002 111 105 红野猪8 30 15 2
H002 158 149 红野猪8 30 15 2
H002 200 200 红野猪8 30 15 2
H002 255 306 红野猪8 30 15 2
H002 287 286 红野猪8 30 15 2
H002 56 158 红野猪8 30 15 2
H002 153 237 红野猪8 30 15 2
H002 112 250 红野猪8 30 15 2
H002 114 314 红野猪8 30 15 2
H002 304 340 红野猪8 30 15 2
H002 251 41 黑野猪8 30 15 2
H002 321 72 黑野猪8 30 15 2
H002 363 146 黑野猪8 30 15 2
H002 172 59 黑野猪8 30 15 2
H002 210 93 黑野猪8 30 15 2
H002 262 140 黑野猪8 30 15 2
H002 309 19 黑野猪8 30 15 2
H002 350 303 黑野猪8 30 15 2
H002 111 105 黑野猪8 30 15 2
H002 158 149 黑野猪8 30 15 2
H002 200 200 黑野猪8 30 15 2
H002 255 306 黑野猪8 30 15 2
H002 287 286 黑野猪8 30 10 2
H002 56 158 黑野猪8 30 10 2
H002 153 237 黑野猪8 30 10 2
H002 112 250 黑野猪8 30 10 2
H002 114 314 黑野猪8 30 10 2
H002 304 340 黑野猪8 30 10 2
H002 251 41 红野猪8 30 10 2
H002 321 72 红野猪8 30 10 2
H002 363 146 红野猪8 30 10 2
H002 172 59 红野猪8 30 10 2
H002 210 93 黑野猪8 30 10 2
H002 262 140 黑野猪8 30 10 2
H002 309 19 黑野猪8 30 10 2
H002 350 303 黑野猪8 30 10 2
H002 111 105 黑野猪8 30 10 2
H002 158 149 红野猪8 30 10 2
H002 200 200 红野猪8 30 10 2
H002 255 306 红野猪8 30 10 2
H002 287 286 红野猪8 30 10 2
H002 56 158 红野猪8 30 10 2
H002 153 237 红野猪8 30 10 2
H002 112 250 黑野猪8 30 10 2
H002 114 314 黑野猪8 30 10 2
H002 304 340 黑野猪8 30 10 2
H002 200 200 楔蛾8 200 25 2
H002 200 200 蝎蛇8 200 30 2



;幻境三层


;--------------------------------------------------


H003 40 40 沃玛勇士8 20 15 1 50
H003 40 40 沃玛战将8 20 15 1 50
H003 40 40 火焰沃玛8 20 15 1 50
H003 40 40 沃玛战士8 20 15 1 50
H003 50 50 沃玛勇士8 20 15 1 50
H003 50 50 沃玛战将8 20 15 1 50
H003 50 50 火焰沃玛8 20 15 1 50
H003 50 50 沃玛战士8 20 15 1 50
H003 60 60 沃玛勇士8 20 15 1 50
H003 60 60 沃玛战将8 20 15 1 50
H003 60 60 火焰沃玛8 20 15 1 50
H003 60 60 沃玛战士8 20 15 1 50



H003 50 40 沃玛战士8 20 15 1
H003 60 50 沃玛勇士8 20 15 1
H003 60 50 沃玛战将8 20 15 1
H003 60 50 火焰沃玛8 20 15 1
H003 60 50 沃玛战士8 20 15 1
H003 50 60 沃玛勇士8 20 15 1
H003 50 60 沃玛战将8 20 15 1
H003 50 60 火焰沃玛8 20 15 1
H003 50 60 沃玛战士8 20 15 1
H003 20 21 沃玛勇士8 7 15 1
H003 20 21 沃玛战将8 7 15 1
H003 20 21 火焰沃玛8 7 15 1
H003 20 21 沃玛战士8 7 5 1
H003 50 50 沃玛卫士8 30 2 2
H003 50 50 沃玛教主 30 1 4 0 251



;幻境四层


;--------------------------------------------------


H004 100 100 蜈蚣8 100 40 2
H004 100 100 蜈蚣8 100 20 2 50
H004 100 100 蜈蚣8 100 20 2 50
H004 100 100 钳虫8 100 20 2 50
H004 100 100 钳虫8 100 20 2 50
H004 19 39 钳虫8 70 30 2
H004 97 81 钳虫8 70 30 2
H004 57 166 钳虫8 70 30 2
H004 178 127 钳虫8 70 30 2
H004 19 39 跳跳蜂8 70 25 2
H004 97 81 跳跳蜂8 70 25 2
H004 57 166 跳跳蜂8 70 25 2
H004 178 127 跳跳蜂8 70 25 2
H004 19 39 黑色恶蛆8 70 30 2
H004 97 81 黑色恶蛆8 70 30 2
H004 57 166 黑色恶蛆8 70 30 2
H004 178 127 黑色恶蛆8 70 30 2
H004 19 39 巨型蠕虫8 70 25 2
H004 97 81 巨型蠕虫8 70 25 2
H004 57 166 巨型蠕虫8 70 25 2
H004 178 127 巨型蠕虫8 70 25 2
H004 100 100 蜈蚣8 50 2 3
H004 100 100 钳虫8 50 2 3
H004 100 100 跳跳蜂8 50 2 3
H004 100 100 巨型蠕虫8 50 2 3
H004 100 100 邪恶钳虫8 100 2 4
H004 83 168 触龙神 40 1 4 0 251
H004 83 168 变异史莱姆8 70 1 3



;幻境五层


;--------------------------------------------------


H005 100 125 骷髅锤兵8 100 40 3
H005 100 125 骷髅锤兵8 100 40 3
H005 100 125 骷髅长枪兵8 100 40 3
H005 100 125 骷髅长枪兵8 100 40 3
H005 100 125 骷髅刀斧手8 100 40 3
H005 100 125 骷髅刀斧手8 100 40 3
H005 100 145 骷髅长枪兵8 100 40 3
H005 100 145 骷髅刀斧手8 100 40 3
H005 100 145 骷髅刀斧手8 100 40 3
H005 145 80 骷髅刀斧手8 100 40 3
H005 145 80 骷髅弓箭手8 100 40 3
H005 200 190 骷髅锤兵8 100 40 3
H005 200 190 骷髅长枪兵8 100 40 3
H005 200 190 骷髅刀斧手8 100 40 3
H005 200 190 骷髅弓箭手8 100 40 3






;幻境六层


;--------------------------------------------------


H006 100 100 角蝇 100 5 1
H006 100 100 楔蛾8 100 35 1
H006 100 100 楔蛾8 100 35 1
H006 100 100 楔蛾8 100 55 1
H006 100 100 蝎蛇8 100 85 1
H006 100 100 黑野猪8 100 55 1
H006 100 100 红野猪8 100 55 1
H006 100 100 黑色恶蛆8 100 55 1
H006 100 100 黑色恶蛆8 100 55 1
H006 100 100 白野猪1 100 5 2
H006 100 100 白野猪1 100 5 2
H006 100 100 白野猪1 100 5 2
H006 100 100 白野猪8 100 3 2
H006 100 100 白野猪8 100 3 3
H006 100 100 邪恶毒蛇 100 2 2









;幻境七层


;--------------------------------------------------


H007 100 100 楔蛾8 100 100 10
H007 100 100 祖玛雕像 100 100 10
H007 100 100 祖玛卫士 100 100 10
H007 100 100 祖玛弓箭手 100 100 10
H007 100 100 祖玛雕像 100 35 3
H007 100 100 祖玛雕像 100 35 3
H007 100 100 祖玛卫士 100 35 3
H007 100 100 祖玛弓箭手 100 35 3
H007 100 100 祖玛弓箭手 100 35 3
H007 100 100 祖玛弓箭手 100 35 3
H007 100 100 祖玛卫士 100 5 3
H007 100 100 祖玛雕像 100 1 3
H007 100 100 祖玛卫士 100 1 3
H007 100 100 祖玛弓箭手 100 1 3
H007 100 100 祖玛雕像3 100 5 4
H007 100 100 祖玛卫士3 100 5 4
H007 100 100 祖玛弓箭手3 100 5 4
H007 100 100 祖玛卫士3 100 1 6






;幻境迷宫


;--------------------------------------------------


T1061 19 24 角蝇8 5 1 3
T1061 19 24 楔蛾8 5 5 3
T1061 19 24 电僵王 5 1 3
T1061 19 24 重装使者 5 1 8 0 249



;幻境迷宫


;--------------------------------------------------


T2061 19 24 角蝇8 5 1 3
T2061 19 24 楔蛾8 5 5 3
T2061 19 24 电僵王 5 1 3



;幻境迷宫


;--------------------------------------------------


T2062 19 24 角蝇8 5 1 3
T2062 19 24 楔蛾8 5 5 3
T2062 19 24 电僵王 5 1 3



;幻境迷宫


;--------------------------------------------------


T2063 19 24 角蝇8 5 1 3
T2063 19 24 楔蛾8 5 5 3
T2063 19 24 电僵王 5 1 3



;幻境迷宫


;--------------------------------------------------


T3061 19 24 角蝇8 5 1 3
T3061 19 24 楔蛾8 5 5 3
T3061 19 24 电僵王 5 1 3



;幻境迷宫


;--------------------------------------------------


T3062 19 24 角蝇8 5 1 3
T3062 19 24 楔蛾8 5 1 3
T3062 19 24 电僵王 5 1 3



;幻境迷宫


;--------------------------------------------------


T3063 19 24 角蝇8 5 1 3
T3063 19 24 楔蛾8 5 5 3
T3063 19 24 电僵王 5 1 3



;幻境八层


;--------------------------------------------------


H008 26 58 祖玛雕像 10 45 3
H008 40 65 祖玛雕像 10 45 3
H008 61 26 祖玛雕像 10 30 3
H008 65 35 祖玛雕像 10 5 3
H008 20 45 祖玛卫士 10 45 3
H008 40 25 祖玛卫士 10 45 3
H008 40 45 祖玛卫士 20 40 3
H008 40 45 祖玛弓箭手 50 50 3
;---------------------------大爆-----------------------


H008 40 45 祖玛弓箭手 80 1 3
H008 40 45 祖玛卫士 80 1 3
H008 40 45 祖玛雕像 80 1 3
;---------------------------极品-----------------------


H008 40 45 祖玛弓箭手3 80 5 3
H008 40 45 祖玛卫士3 80 5 3
H008 40 45 祖玛雕像3 80 5 3
H008 40 45 祖玛卫士3 80 2 3



H008 40 45 楔蛾8 60 30 3
H008 40 45 虹魔猪卫 30 1 4
H008 40 45 虹魔蝎卫 30 2 4
H008 25 29 虹魔教主 10 1 4






;幻境九层


;--------------------------------------------------


H009 128 91 月魔蜘蛛 200 50 3
H009 128 91 天狼蜘蛛 200 50 2
H009 128 91 钢牙蜘蛛 200 50 3
H009 128 91 暴牙蜘蛛 200 45 3
H009 128 91 花吻蜘蛛 200 45 3
H009 128 91 黑锷蜘蛛 200 35 2
H009 242 152 月魔蜘蛛 150 50 3
H009 242 152 天狼蜘蛛 150 50 2
H009 242 152 钢牙蜘蛛 150 30 3
H009 242 152 暴牙蜘蛛 150 30 3
H009 242 152 花吻蜘蛛 150 30 3
H009 242 152 黑锷蜘蛛 150 35 2
H009 66 208 月魔蜘蛛 150 30 3
H009 66 208 天狼蜘蛛 150 30 2
H009 66 208 钢牙蜘蛛 150 20 3
H009 66 208 暴牙蜘蛛 150 20 3
H009 66 208 花吻蜘蛛 150 20 3
H009 66 208 黑锷蜘蛛 150 5 2
H009 128 91 祖玛恶魔 200 5 3 0 251
H009 128 91 赤霄恶魔 200 5 3 0 251
H009 128 91 噬魂巫妖 200 5 3 0 251
H009 128 91 罗刹战神 200 5 3 0 251
H009 128 91 冥王邪僧 200 5 3 0 251
H009 128 91 沃玛恶魔 200 5 3 0 251
H009 128 91 千年树妖 200 2 2 0 249
H009 66 208 千年树妖 150 2 2 0 249
H009 128 91 花吻蜘蛛 200 2 2 0 249









;屠龙殿


;--------------------------------------------------


h010 205 210 骷髅锤兵8 200 240 8
H010 205 210 黑野猪 200 100 8
H010 205 210 红野猪 200 100 8
H010 205 210 蜈蚣 200 100 8
H010 205 210 白野猪 200 100 8
H010 205 210 祖玛卫士 200 100 8
H010 205 210 牛魔侍卫 200 50 3
H010 205 210 牛魔侍卫 200 50 3
H010 205 210 牛魔侍卫 200 50 3
H010 205 210 牛魔将军 200 4 2
H010 205 210 牛魔将军 200 4 2
H010 205 210 牛魔将军 200 50 3
H010 205 210 牛魔将军 200 50 3
H010 205 210 牛魔法师 200 50 3
H010 205 210 牛魔法师 200 50 3
H010 205 210 牛魔法师 200 50 3
H010 205 210 牛魔法师 200 50 3
H010 205 210 牛魔祭司 200 2 3
H010 205 210 牛魔祭司 200 2 3
H010 205 210 牛魔祭司 200 50 2
H010 205 210 牛魔祭司 200 40 2



H010 205 210 祖玛恶魔 200 15 3 0 251
H010 205 210 赤霄恶魔 200 15 3 0 251
H010 205 210 噬魂巫妖 200 15 3 0 251
H010 205 210 罗刹战神 200 15 3 0 251
H010 205 210 冥王邪僧 200 15 3 0 251
H010 205 210 沃玛恶魔 200 15 3 0 251



H010 205 210 火域龙王 200 2 4 0 249
H010 205 210 玛雅教主 200 2 4 0 249
H010 205 210 双锤猪王 200 2 4 0 249
H010 205 210 九世蝎王 200 2 4 0 249
H010 205 210 震天魔神 200 2 4 0 249
H010 205 210 骷髅骑士 200 2 4 0 249
H010 205 210 诅咒教主 200 1 4 0 249
H010 205 210 血狱邪神 200 2 4 0 249
H010 205 210 炼狱魔君 200 2 4 0 249
H010 205 210 焚心炎帝 200 2 4 0 249
H010 205 210 恶魔蜘蛛 200 2 4 0 249
H010 205 210 梦魇神牛 200 2 4 0 249
H010 205 210 困兽之王 200 2 4 0 249
H010 205 210 金刚之神 200 2 4 0 249
H010 205 210 战斧巨兽 200 2 4 0 249
H010 205 210 火蚁 200 2 4 0 249



H010 205 210 火龙教主 200 2 8 0 249
H010 205 210 万年树妖 200 4 6 0 249
H010 205 210 千年树妖 200 8 4 0 249
H010 205 210 诅咒教主 250 4 8 0 249
H010 205 210 玛法战神 250 4 12 0 249
H010 205 210 玛法道尊 250 4 12 0 249
H010 205 210 玛法魔尊 250 4 12 0 249
H010 205 210 火龙教主 250 2 8 0 249


















;迷魂阵


MHZ01 23 27 白野猪 10 2 2
MHZ01 23 27 蜈蚣 10 30 3
MHZ01 23 27 钳虫 10 20 3
MHZ01 23 27 邪恶钳虫 10 2 2
MHZ01 23 27 触龙神 10 1 4
MHZ01 23 27 僵尸1 10 10 3



MHZ02 23 27 白野猪 10 2 2
MHZ02 23 27 海马精灵 10 15 4
MHZ02 23 27 八爪鱼 10 10 4
MHZ02 23 27 龙王 10 1 8
MHZ02 23 27 钳虫统领 10 1 5
	


MHZ03 23 27 白野猪 10 2 2
MHZ03 23 27 牛魔将军 10 10 2
MHZ03 23 27 牛魔法师 10 10 2
MHZ03 23 27 牛魔祭司 10 10 2
MHZ03 23 27 牛魔王 10 2 4
MHZ03 23 27 暗之牛魔王 10 1 4
MHZ03 23 27 骷髅统领 10 1 5



MHZ04 23 27 白野猪 10 2 2
MHZ04 23 27 祖玛卫士 10 20 2
MHZ04 23 27 祖玛教主 10 1 6
MHZ04 23 27 祖玛教皇 10 1 8



MHZ05 23 27 白野猪 10 2 2
MHZ05 23 27 火焰沃玛 10 30 3
MHZ05 23 27 沃玛教主 10 1 5
MHZ05 23 27 沃玛卫士 10 2 2
MHZ05 23 27 黑暗战士 10 10 3
MHZ05 23 27 沃玛勇士 10 20 3



MHZ06 23 27 白野猪 10 1 2
MHZ06 23 27 红野猪 10 20 3
MHZ06 23 27 黑野猪 10 10 3
MHZ06 23 27 白猪统领 10 1 5
MHZ06 23 27 蝎蛇统领 10 1 5
MHZ06 23 27 角蝇 20 3 3






MHZ07 23 27 白野猪 10 1 2
MHZ07 23 27 稻草人1 10 1 5
MHZ07 23 27 鹿1 10 1 5
MHZ07 23 27 暗之虹魔教主 10 1 8
MHZ07 23 27 巨型多角虫1 10 5 2
MHZ07 23 27 邪恶毒蛇1 10 20 2
MHZ07 23 27 邪恶钳虫1 10 10 3



MHZ08 23 27 白野猪 10 1 2
MHZ08 23 27 月魔蜘蛛 10 5 3
MHZ08 23 27 天狼蜘蛛 10 10 2
MHZ08 23 27 花吻蜘蛛 10 15 2
MHZ08 23 27 赤月恶魔 10 1 5



MHZ09 23 27 白野猪 10 1 2
MHZ09 23 27 月魔蜘蛛 10 5 3
MHZ09 23 27 天狼蜘蛛 10 10 2
MHZ09 23 27 花吻蜘蛛 10 15 2
MHZ09 23 27 双头金刚 10 1 4
MHZ09 23 27 双头血魔 10 1 4
MHZ09 23 27 朱雀法神 10 1 15 0 5






MHZ10 23 27 白野猪 10 1 2
MHZ10 23 27 月魔蜘蛛 10 5 3
MHZ10 23 27 花吻蜘蛛 10 10 2
MHZ10 23 27 血巨人 10 5 3
MHZ10 23 27 黑锷蜘蛛 10 5 2
MHZ10 23 27 血魔统领 10 1 6



MHZ11 23 27 白野猪 10 1 2
MHZ11 23 27 月魔蜘蛛 10 5 3
MHZ11 23 27 血巨人 10 5 2
MHZ11 23 27 天狼蜘蛛 10 15 2
MHZ11 23 27 花吻蜘蛛 10 3 2
MHZ11 23 27 金刚统领 10 1 6



MHZ12 23 27 白野猪 10 1 2
MHZ12 23 27 火蚁 10 5 2
MHZ12 23 27 兵蚁 10 5 2
MHZ12 23 27 毒蚁 10 5 2
MHZ12 23 27 工蚁 10 5 2
MHZ12 23 27 蚁后1 10 1 6



MHZ13 23 27 白野猪 10 1 2
MHZ13 23 27 奴隶 10 10 2
MHZ13 23 27 奴隶射手 10 15 2
MHZ13 23 27 米尔皇帝 10 1 8
MHZ13 23 27 白虎战神 10 1 15 0 5






MHZ14 23 27 白野猪 10 1 2
MHZ14 23 27 骷髅长枪兵 10 10 3
MHZ14 23 27 恶灵僵尸 10 10 3
MHZ14 23 27 恶灵尸王 10 10 2
MHZ14 23 27 蝎卫统领 10 1 6
MHZ14 23 27 暗之骷髅精灵 10 1 8



MHZ15 23 27 白野猪 10 1 2
MHZ15 23 27 骷髅刀斧手 10 10 2
MHZ15 23 27 骷髅锤兵 10 10 2
MHZ15 23 27 骷髅弓箭手 10 10 2
MHZ15 23 27 骷髅统领 10 1 4
MHZ15 23 27 暗之双头金刚 10 1 8



MHZ16 23 27 白野猪 10 1 2
MHZ16 23 27 僵尸1 10 10 3
MHZ16 23 27 僵尸2 10 10 3
MHZ16 23 27 僵尸3 10 10 3
MHZ16 23 27 暗之双头血魔 10 1 8
MHZ16 23 27 僵尸4 10 10 3
MHZ16 23 27 僵尸5 10 10 3
MHZ16 23 27 尸王 10 10 4
MHZ16 23 27 蛮荒蜥蜴 10 1 15 0 5



MHZ17 23 27 白野猪 10 1 2
MHZ17 23 27 驽马勇士 10 10 2
MHZ17 23 27 驽马弓箭手 10 5 2
MHZ17 23 27 驽马战士 10 5 2
MHZ17 23 27 驽马精灵 10 5 2
MHZ17 23 27 驽马法王 10 1 8



MHZ18 23 27 白野猪 10 1 2
MHZ18 23 27 重装使者 10 1 8
MHZ18 23 27 祖玛卫士 10 10 3
MHZ18 23 27 月魔蜘蛛 10 5 3
MHZ18 23 27 角蝇 10 3 3
MHZ18 23 27 黑野猪 10 10 3
MHZ18 23 27 黑色恶蛆 10 20 3



MHZ19 23 27 白野猪 10 1 2
MHZ19 23 27 暗之沃玛教主 10 1 2
MHZ19 23 27 蛮荒战将 10 3 4
MHZ19 23 27 蛮荒破甲兵 10 5 3
MHZ19 23 27 蛮荒射手 10 3 3
MHZ19 23 27 蛮荒刀兵 10 5 3
MHZ19 23 27 蛮荒射手 10 8 3
MHZ19 23 27 野蛮教主 10 1 8






MHZ20 23 27 白野猪 10 1 2
MHZ20 23 27 蛮荒巨蛾 10 5 6
MHZ20 23 27 蛮荒刀兵 10 10 2
MHZ20 23 27 蛮荒射手 10 10 2
MHZ20 23 27 蛮荒破甲兵 10 5 2
MHZ20 23 27 蛮荒白虎 10 1 8



MHZ21 23 27 白野猪 10 1 2
MHZ21 23 27 红蟾怪 10 10 3
MHZ21 23 27 黄蟾怪 10 10 3
MHZ21 23 27 蛮荒射手 10 10 3
MHZ21 23 27 蛮荒巨蛾 10 2 6
MHZ21 23 27 蛮荒战将 10 2 6
MHZ21 23 27 黑寡妇 10 1 8






WHZ22 23 27 青龙天尊 10 1 8
MHZ22 23 27 白野猪 10 1 2
MHZ22 23 27 火龙射手 10 10 2
MHZ22 23 27 火龙飞蛾 10 2 4
MHZ22 23 27 火龙流星锤手 10 2 4
MHZ22 23 27 火龙刀兵 10 10 3
MHZ22 23 27 火龙教主 10 1 8
MHZ22 23 27 火龙神 10 1 10



MHZ23 23 27 白野猪 10 1 2
MHZ23 23 27 冰宫雪狼 10 5 2
MHZ23 23 27 冰宫豪猪 10 5 2
MHZ23 23 27 冰宫射手 10 5 2
MHZ23 23 27 冰宫雪翼神 10 1 6
MHZ23 23 27 冰宫帝王 10 1 13
MHZ23 23 27 冰宫法师 10 2 4
MHZ23 23 27 冰宫骑士 10 2 4






MHZ24 23 27 白野猪 10 1 2
MHZ24 23 27 恶龙神 10 1 13 0 249
MHZ24 23 27 幻境教皇 10 1 6 0 249
MHZ24 23 27 冰宫雪人 10 10 4
MHZ24 23 27 暗之黄泉教主 10 1 7
MHZ24 23 27 幽灵毒牙 10 5 4
MHZ24 23 27 幽灵蝙蝠 10 2 6
MHZ24 23 27 幽灵骑士 10 1 6
MHZ24 23 27 幽灵死神 10 1 14 0 249
MHZ24 23 27 幽灵鱼人 10 5 4



MHZ25 23 27 白野猪 10 1 2
MHZ25 23 27 小日本 10 8 6
MHZ25 23 27 苍井空 10 1 6 0 249
MHZ25 23 27 倭寇 10 10 6
MHZ25 23 27 战斧巨兽 10 1 6 0 249
MHZ25 23 27 重装之神 10 1 15 0 70
MHZ25 23 27 金刚之神 10 1 6 0 249
;冰雪迷宫


;--------------------------------------------------


9 146 116 冰宫雪狼 200 50 2 0 251
9 146 116 冰宫法师 200 50 2 0 251
9 146 116 冰宫豪猪 200 50 2 0 251
9 146 116 冰宫骑士 200 50 2 0 251
9 146 116 冰宫射手 200 50 2 0 251
9 146 116 未来机甲 200 50 2 0 251
9 146 116 东海神将 200 50 2 0 251
9 146 116 海底巨蛇 200 50 2 0 251
9 146 116 绿色狼人 200 50 2 0 251
9 146 116 诅咒战将 200 50 2 0 251
9 146 116 诅咒魔将 200 50 2 0 251
9 146 116 诅咒道将 200 50 2 0 251
9 146 116 沉默战尊 200 3 8 0 249
9 146 116 沉默魔尊 200 3 8 0 249
9 146 116 沉默道尊 200 3 8 0 249
9 146 116 冰宫水母 200 3 4 0 243
9 146 116 怀念天珠 200 3 4 0 234
9 146 116 冰宫触角神 200 3 2 0 249
9 146 116 万年树妖 200 2 4 0 249
9 146 116 黄金神兽 200 2 12 0 249



春夏秋冬


;--------------------------------------------------


dt062918 52 53 未来机甲 200 5 2 0 251
dt062918 52 53 东海神将 200 5 2 0 251
dt062918 52 53 海底巨蛇 200 5 2 0 251
dt062918 52 53 绿色狼人 200 5 2 0 251
dt062918 52 53 食人花 200 5 2 0 251
dt062918 52 53 毒素花 200 5 2 0 251
dt062918 52 53 诅咒战将 200 5 2 0 251
dt062918 52 53 诅咒射手 200 5 2 0 251
dt062918 52 53 诅咒魔将 200 5 2 0 251
dt062918 52 53 诅咒道将 200 5 2 0 251
dt062918 52 53 毒素食人花 200 5 2 0 251
dt062918 52 53 地宫紫龙 200 5 2 0 251
dt062918 52 53 地宫蛇妖 200 5 2 0 251
dt062918 52 53 冰宫法师 200 5 2 0 251
dt062918 52 53 冰宫射手 200 5 2 0 251
dt062918 52 53 冰宫骑士 200 5 2 0 251
dt062918 52 53 地宫恶灵 200 5 2 0 251



dt062918 52 53 黄金火龙 200 2 4 0 243
dt062918 52 53 暗黑火龙 200 2 4 0 243
dt062918 52 53 蓝色冰龙 200 2 4 0 243
dt062918 52 53 独臂魔王 200 2 4 0 243
dt062918 52 53 牛魔神 200 2 4 0 243
dt062918 52 53 阿修罗 200 2 4 0 243
dt062918 52 53 蜘蛛王 200 2 4 0 243
dt062918 52 53 火焰神 200 2 4 0 243



dt062918 52 53 沉默战尊 60 3 8 0 249
dt062918 52 53 沉默魔尊 60 3 8 0 249
dt062918 52 53 沉默道尊 60 3 8 0 249
dt062918 52 53 万年树妖 60 2 4 0 249
dt062918 52 53 黄金神兽 60 2 12 0 249



dt062918 52 53 怀念天珠 0 1 4 0 234
dt062918 85 85 朱雀 0 1 8 0 234
dt062918 85 21 青龙 0 1 8 0 234
dt062918 17 19 白虎 0 1 8 0 234
dt062918 17 86 玄武 0 1 8 0 234



;蛮荒地宫


;--------------------------------------------------





遗落神殿 82 111 地宫恶灵 200 30 2 0 251
遗落神殿 82 111 地宫守护 200 30 2 0 251
遗落神殿 82 111 地宫蛇妖 200 30 2 0 251
遗落神殿 82 111 地宫紫龙 200 30 2 0 251



遗落神殿 82 111 牛魔神 200 2 4 0 243
遗落神殿 82 111 阿修罗 200 2 4 0 243
遗落神殿 82 111 蜘蛛王 200 2 4 0 243
遗落神殿 82 111 火焰神 200 2 4 0 243
遗落神殿 82 111 独臂魔王 200 2 4 0 243



遗落神殿 82 111 沉默战尊 200 2 8 0 249
遗落神殿 82 111 沉默道尊 200 2 8 0 249
遗落神殿 82 111 沉默魔尊 200 2 8 0 249
遗落神殿 82 111 万年树妖 200 2 4 0 249



遗落神殿 82 111 五彩花 200 2 2 0 249
遗落神殿 82 111 远古法老 200 2 2 0 249
遗落神殿 82 111 巨斧战尊 200 2 2 0 249
遗落神殿 82 111 末日蜘蛛 200 2 2 0 249
遗落神殿 82 111 巫僧 200 2 2 0 249
遗落神殿 82 111 沉默蜘蛛 200 2 2 0 249
遗落神殿 82 111 虎王蜘蛛 200 2 2 0 249
遗落神殿 82 111 沉默之锤 200 2 2 0 249
遗落神殿 82 111 恶魔蟾蜍 200 2 2 0 249
遗落神殿 82 111 死神 200 2 2 0 249
遗落神殿 100 131 怀念天珠 0 1 8 0 234
遗落神殿 82 111 黄金神兽 200 2 12 0 249






;火龙地狱


;--------------------------------------------------


STHUOLONG0 31 86 蓝色冰龙 60 2 4 0 243
STHUOLONG0 31 86 黄金火龙 60 2 4 0 243
STHUOLONG0 31 86 暗黑火龙 60 2 4 0 243
STHUOLONG0 31 86 沉默战尊 60 2 8 0 249
STHUOLONG0 31 86 沉默魔尊 60 2 8 0 249
STHUOLONG0 31 86 沉默道尊 60 2 8 0 249
STHUOLONG0 31 86 万年树妖 60 2 4 0 249
STHUOLONG0 31 86 诅咒战将 200 20 2 0 251
STHUOLONG0 31 86 诅咒射手 200 20 2 0 251
STHUOLONG0 31 86 诅咒魔将 200 20 2 0 251
STHUOLONG0 31 86 地宫恶灵 200 20 2 0 251
STHUOLONG0 31 86 地宫守护 200 20 2 0 251
STHUOLONG0 31 86 地宫蛇妖 200 20 2 0 251
STHUOLONG0 31 86 地宫紫龙 200 20 2 0 251



STHUOLONG0 31 86 黄金神兽 60 2 12 0 249






STHUOLONG0 31 86 怀念天珠 10 2 8 0 234
STHUOLONG0 38 39 火龙魔王 0 1 8 0 234



;世外桃园


;--------------------------------------------------


new_3dl_05 62 99 未来机甲 200 10 2 0 251
new_3dl_05 62 99 绿色狼人 200 10 2 0 251
new_3dl_05 62 99 食人花 200 10 2 0 251
new_3dl_05 62 99 毒素花 200 10 2 0 251
new_3dl_05 62 99 毒素食人花 200 10 2 0 251
new_3dl_05 62 99 地宫恶灵 200 10 2 0 251
new_3dl_05 62 99 地宫守护 200 10 2 0 251
new_3dl_05 62 99 地宫蛇妖 200 10 2 0 251
new_3dl_05 62 99 地宫紫龙 200 10 2 0 251
new_3dl_05 62 99 冰宫雪狼 200 10 2 0 251
new_3dl_05 62 99 冰宫法师 200 10 2 0 251
new_3dl_05 62 99 冰宫骑士 200 10 2 0 251
new_3dl_05 62 99 五彩花 200 5 4 0 249
new_3dl_05 62 99 巨斧战尊 200 5 4 0 249
new_3dl_05 62 99 恶魔蟾蜍 200 5 4 0 249
new_3dl_05 62 99 黄金火龙 60 3 4 0 243
new_3dl_05 62 99 暗黑火龙 60 3 4 0 243
new_3dl_05 62 99 蓝色冰龙 60 3 4 0 243



new_3dl_05 62 99 牛魔神 60 2 4 0 243
new_3dl_05 62 99 阿修罗 60 2 4 0 243
new_3dl_05 62 99 蜘蛛王 60 2 4 0 243
new_3dl_05 62 99 独臂魔王 60 2 4 0 243
new_3dl_05 62 99 火焰神 60 2 4 0 243






new_3dl_05 62 99 怀念天珠 60 1 8 0 234
new_3dl_05 62 99 沉默战尊 60 1 8 0 249
new_3dl_05 62 99 沉默魔尊 60 1 8 0 249
new_3dl_05 62 99 沉默道尊 60 1 8 0 249
new_3dl_05 62 99 万年树妖 60 1 4 0 249



new_3dl_05 62 99 黄金神兽 60 2 12 0 249



;水上


;--------------------------------------------------


水上 88 108 冰宫雪狼 200 20 2 0 251
水上 88 108 冰宫法师 200 20 2 0 251
水上 88 108 冰宫豪猪 200 20 2 0 251
水上 88 108 地宫守护 200 20 2 0 251
水上 88 108 双触神 200 20 2 0 251
水上 88 108 蓝色饕餮 200 20 2 0 251
水上 88 108 小人国王 200 20 2 0 251
水上 88 108 小人国射手 200 20 2 0 251
水上 88 108 地宫守护 200 20 2 0 251
水上 88 108 地宫蛇妖 200 20 2 0 251
水上 88 108 地宫紫龙 200 20 2 0 251
水上 88 108 死亡蛇妖 200 30 3 0 254
水上 88 108 死亡恶魔 200 30 3 0 254
水上 88 108 深海龙王 200 30 3 0 254
水上 88 108 地藏统领 200 30 3 0 254
水上 88 108 邪恶重锤 200 30 3 0 254
水上 88 108 暗黑蛇妖 100 30 3 0 254
水上 88 108 双头血魔 100 30 3 0 254
水上 88 108 双头金刚 100 30 3 0 254
水上 88 108 兽魂猪妖 100 30 3 0 254
水上 88 108 炼狱教主 100 30 3 0 254
水上 88 108 深海巨人 100 30 3 0 254
水上 88 108 罗刹战神 200 30 3 0 251
水上 88 108 沃玛恶魔 200 30 3 0 251
水上 88 108 祖玛恶魔 200 30 3 0 251
水上 88 108 噬魂巫妖 200 30 3 0 251
水上 88 108 冥王邪僧 200 20 3 0 251
水上 88 108 赤霄恶魔 200 30 3 0 251
水上 88 108 未来机甲 200 30 3 0 251
水上 88 108 东海神将 200 30 3 0 251
水上 88 108 海底巨蛇 200 30 3 0 251
水上 88 108 绿色狼人 200 30 3 0 251
水上 88 108 诅咒战将 200 30 3 0 251
水上 88 108 诅咒射手 200 30 3 0 251
水上 88 108 诅咒魔将 200 30 3 0 251
水上 88 108 诅咒道将 200 30 3 0 251
水上 88 108 石头巨人 200 30 3 0 251



水上 88 108 米尔皇帝 200 10 3 0 251
水上 88 108 九世蝎王 200 5 3 0 251
水上 88 108 震天魔神 200 5 3 0 251
水上 88 108 震天守将 200 5 3 0 251
水上 88 108 火域龙王 200 5 3 0 251
水上 88 108 双锤猪王 200 5 3 0 251
水上 88 108 梦魇神牛 200 5 3 0 251
水上 88 108 骷髅骑士 200 5 3 0 251






;石墓之地


shenmo 80 72 诅咒战将 200 15 2 0 251
shenmo 80 72 诅咒射手 200 15 2 0 251
shenmo 80 72 诅咒魔将 200 15 2 0 251
shenmo 80 72 诅咒道将 200 15 2 0 251
shenmo 80 72 东海神将 200 15 2 0 251
shenmo 80 72 海底巨蛇 200 15 2 0 251
shenmo 80 72 地宫紫龙 200 15 2 0 251
shenmo 80 72 地宫蛇妖 200 15 2 0 251
shenmo 80 72 地宫守护 200 15 2 0 251
shenmo 80 72 地宫恶灵 200 15 2 0 251
shenmo 80 72 冰宫骑士 200 15 2 0 251
shenmo 80 72 冰宫法师 200 15 2 0 251
shenmo 80 72 巫僧 200 2 4 0 249
shenmo 80 72 沉默蜘蛛 200 2 4 0 249
shenmo 80 72 远古法老 200 2 4 0 249
shenmo 80 72 沉默之锤 200 2 4 0 249
shenmo 80 72 恶魔蟾蜍 200 2 4 0 249
shenmo 80 72 死神 200 2 4 0 249
shenmo 80 72 巨斧战尊 200 2 4 0 249
shenmo 80 72 末日蜘蛛 200 2 4 0 249
shenmo 80 72 牛魔神 200 2 4 0 243
shenmo 80 72 阿修罗 200 2 4 0 243
shenmo 80 72 蜘蛛王 200 2 4 0 243
shenmo 80 72 火焰神 200 2 4 0 243
shenmo 80 72 独臂魔王 200 2 4 0 243



shenmo 80 72 怀念天珠 50 1 8 0 234
shenmo 80 72 沉默战尊 60 1 8 0 249
shenmo 80 72 沉默魔尊 60 1 8 0 249
shenmo 80 72 沉默道尊 60 1 8 0 249
shenmo 80 72 万年树妖 60 2 4 0 249
shenmo 80 72 黄金神兽 60 2 12 0 249



;丛林迷宫


12 184 241 黄金火龙 400 5 8 0 243
12 184 241 暗黑火龙 400 5 8 0 243
12 184 241 蓝色冰龙 400 5 8 0 243
12 184 241 牛魔神 400 12 8 0 243
12 184 241 阿修罗 400 12 8 0 243
12 184 241 蜘蛛王 400 12 8 0 243
12 184 241 独臂魔王 400 12 8 0 243
12 184 241 火焰神 400 12 8 0 243
12 184 241 毒素食人花 400 50 2 0 251
12 184 241 毒素花 400 50 2 0 251
12 184 241 食人花 400 50 2 0 251
12 184 241 未来机甲 400 50 2 0 251
12 184 241 东海神将 400 50 2 0 251
12 184 241 海底巨蛇 400 50 2 0 251
12 184 241 地宫守护 400 50 2 0 251
12 184 241 地宫恶灵 400 50 2 0 251
12 184 241 地宫蛇妖 400 50 2 0 251
12 184 241 地宫紫龙 400 50 2 0 251
12 184 241 冰宫雪狼 400 50 2 0 251
12 184 241 冰宫法师 400 50 2 0 251
12 184 241 冰宫豪猪 400 50 2 0 251
12 184 241 冰宫骑士 400 50 2 0 251
12 184 241 诅咒战将 400 50 2 0 251
12 184 241 诅咒射手 400 50 2 0 251
12 184 241 诅咒魔将 400 50 2 0 251
12 184 241 诅咒道将 400 50 2 0 251
12 184 241 小人国王 400 50 2 0 251
12 184 241 小人国射手 400 50 2 0 251
12 184 241 石头巨人 400 50 2 0 251
12 184 241 双触神 400 50 2 0 251
12 184 241 蓝色饕餮 400 50 2 0 251









12 184 241 巨斧战尊 400 15 2 0 249
12 184 241 远古法老 400 15 2 0 249
12 184 241 巫僧 400 15 2 0 249
12 184 241 死神 400 15 2 0 249
12 184 241 五彩花 400 15 2 0 249
12 184 241 巨斧战尊 400 15 2 0 249
12 184 241 恶魔蟾蜍 400 15 2 0 249
12 184 241 冰宫水母 400 15 4 0 243
12 184 241 沉默之锤 400 15 2 0 249
12 184 241 虎王蜘蛛 400 15 2 0 249
12 184 241 沉默蜘蛛 400 15 2 0 249
12 184 241 冰宫触角神 400 15 2 0 249
12 184 241 蓝色冰龙 400 5 4 0 243
12 184 241 黄金火龙 400 5 4 0 243
12 184 241 暗黑火龙 400 5 4 0 243
12 184 241 怀念天珠 400 5 4 0 234
12 184 241 沉默战尊 400 5 8 0 249
12 184 241 沉默魔尊 400 5 8 0 249
12 184 241 沉默道尊 400 5 8 0 249
12 184 241 万年树妖 400 10 4 0 249
12 184 241 黄金神兽 400 2 12 0 249



;冰封荒原


BFHY 114 85 冰宫水母 400 2 8 0 243
BFHY 114 85 冰宫触角神 400 2 2 0 249
BFHY 114 85 五彩花 400 5 2 0 249
BFHY 114 85 巨斧战尊 400 5 2 0 249
BFHY 114 85 恶魔蟾蜍 400 5 2 0 249
BFHY 114 85 牛魔神 400 5 2 0 243
BFHY 114 85 阿修罗 400 5 2 0 243
BFHY 114 85 蜘蛛王 400 5 2 0 243
BFHY 114 85 独臂魔王 400 5 2 0 243
BFHY 114 85 火焰神 400 5 2 0 243
BFHY 114 85 蓝色冰龙 400 5 4 0 243
BFHY 114 85 黄金火龙 400 5 4 0 243
BFHY 114 85 暗黑火龙 400 5 4 0 243
BFHY 114 85 未来机甲 400 20 2 0 251
BFHY 114 85 东海神将 400 20 2 0 251
BFHY 114 85 海底巨蛇 400 20 2 0 251
BFHY 114 85 绿色狼人 400 20 2 0 251
BFHY 114 85 食人花 400 20 2 0 251
BFHY 114 85 毒素花 400 20 2 0 251
BFHY 114 85 诅咒战将 400 20 2 0 251
BFHY 114 85 诅咒射手 400 20 2 0 251
BFHY 114 85 诅咒魔将 400 20 2 0 251
BFHY 114 85 诅咒道将 400 20 2 0 251
BFHY 114 85 毒素食人花 400 20 2 0 251
BFHY 114 85 沉默战尊 400 2 8 0 249
BFHY 114 85 沉默魔尊 400 2 8 0 249
BFHY 114 85 沉默道尊 400 2 8 0 249
BFHY 114 85 死神 400 5 2 0 249
BFHY 114 85 巫僧 400 5 2 0 249
BFHY 114 85 恶魔蟾蜍 400 5 2 0 249
BFHY 114 85 沉默之锤 400 5 2 0 249
BFHY 114 85 虎王蜘蛛 400 5 2 0 249
BFHY 114 85 沉默蜘蛛 400 5 2 0 249
BFHY 114 85 万年树妖 400 2 4 0 249
BFHY 114 85 怀念天珠 400 1 4 0 234
BFHY 114 85 黄金神兽 400 2 12 0 249
;海上森林


HSSL 136 153 金炽僧 400 1 23 0 233
HSSL 136 153 沉默大帝 400 1 23 0 233
HSSL 136 153 怀念天珠 400 3 4 0 234
HSSL 136 153 白虎 400 3 4 0 234
HSSL 136 153 朱雀 400 3 4 0 234
HSSL 136 153 玄武 400 3 4 0 234
HSSL 136 153 青龙 400 3 4 0 234
HSSL 136 153 魔神 400 3 4 0 233
HSSL 136 153 神兽虎王 400 3 4 0 233
HSSL 136 153 神兽玄武 400 3 4 0 233
HSSL 136 153 神兽青龙 400 3 4 0 233
HSSL 136 153 上古魔王 400 3 4 0 233
HSSL 136 153 九头蛇妖 400 3 4 0 233
HSSL 136 153 冰宫水母 400 2 4 0 243
HSSL 136 153 牛魔神 400 2 4 0 243
HSSL 136 153 阿修罗 400 2 4 0 243
HSSL 136 153 蜘蛛王 400 2 4 0 243
HSSL 136 153 独臂魔王 400 2 4 0 243
HSSL 136 153 火焰神 400 2 4 0 243
HSSL 136 153 冰宫触角神 400 2 4 0 249
HSSL 136 153 火龙魔王 400 2 4 0 234



HSSL 136 153 沉默战尊 400 2 8 0 249
HSSL 136 153 沉默魔尊 400 2 8 0 249
HSSL 136 153 沉默道尊 400 2 8 0 249
HSSL 136 153 万年树妖 400 2 2 0 249



HSSL 136 153 黄金神兽 400 2 12 0 249






HSSL 136 153 五彩花 400 5 2 0 249
HSSL 136 153 巨斧战尊 400 5 2 0 249
HSSL 136 153 恶魔蟾蜍 400 5 2 0 249
HSSL 136 153 蓝色冰龙 400 5 2 0 243
HSSL 136 153 黄金火龙 400 5 2 0 243
HSSL 136 153 暗黑火龙 400 5 2 0 243





