[@初始化随身工坊变量]
{
#IF
#ACT
MOV L$装备升级可升级位置参数列表 [0,1,3,4,5,6,7,8,10,11]
MOV N$0级装备进度颜色 255
MOV N$1级装备进度颜色 254
MOV N$2级装备进度颜色 5
MOV N$3级装备进度颜色 253
MOV N$4级装备进度颜色 70
MOV N$5级装备进度颜色 151
MOV N$6级装备进度颜色 242
MOV N$0级装备升级进度 4
MOV N$1级装备升级进度 8
MOV N$2级装备升级进度 10
MOV N$3级装备升级进度 15
MOV N$4级装备升级进度 20
MOV N$5级装备升级进度 25
MOV L$装备升级职业主属性条目列表 [3,4,5]
MOV L$装备级别描述 [普通,高级,稀有,神器,传说,史诗,神话]
MOV L$自动熔炼开关参数列表 [1,2,3,4,5]

#IF
#ACT
MOV S$标识1可熔炼列表 [匕首,青铜剑,乌木剑,铁剑,短剑,鹤嘴锄,青铜斧,八荒,半月,海魂,罗刹,凌风,破魂,祈祷之刃,斩马刀,偃月,降魔,修罗,凝霜,轻型盔甲(男),轻型盔甲(女),中型盔甲(男),中型盔甲(女),重盔甲(男),重盔甲(女),魔法长袍(男),魔法长袍(女),灵魂战衣(男),灵魂战衣(女),青铜头盔,骷髅头盔,魔法头盔,道士头盔,金项链,传统项链,白金项链,白色虎齿项链,躲避手链,黑檀项链,黄色水晶项链,黑色水晶项链,魔鬼项链,琥珀项链,凤凰明珠,灯笼项链,蓝翡翠项链,竹笛,放大镜,铁手镯,小手镯,银手镯,皮制手套,钢手镯,大手镯,夏普儿手镯,坚固手套,魔法手镯,道士手镯,黑檀手镯,避邪手镯,魔力手镯,死神手套,金手镯,古铜戒指,六角戒指,玻璃戒指,牛角戒指,生铁戒指,蓝色水晶戒指,黑色水晶戒指,蛇眼戒指,珍珠戒指,金戒指,魅力戒指,道德戒指,降妖除魔戒指,珊瑚戒指,骷髅戒指]
MOV S$标识10可熔炼列表熔炼点数 [1,1,1,1,1,1,1,1,1,1,2,1,1,2,1,1,1,1,1,1,1,1,1,1,1,1,1,1,1,1,1,1,1,1,1,1,1,1,1,1,1,1,1,1,1,1,1,1,1,1,1,1,1,1,1,1,1,1,1,1,1,1,1,1,1,1,1,1,1,1,1,1,1,1,1,1,1,1]
MOV S$标识11可熔炼列表熔炼点数 [1,1,1,1,1,1,1,1,1,1,2,1,1,2,1,1,1,1,1,1,1,1,1,1,1,1,1,1,1,1,1,1,1,1,1,1,1,1,1,1,1,1,1,1,1,1,1,1,1,1,1,1,1,1,1,1,1,1,1,1,1,1,1,1,1,1,1,1,1,1,1,1,1,1,1,1,1,1]
MOV S$标识12可熔炼列表熔炼点数 [1,1,1,1,1,1,1,1,1,1,2,1,1,2,1,1,1,1,1,1,1,1,1,1,1,1,1,1,1,1,1,1,1,1,1,1,1,1,1,1,1,1,1,1,1,1,1,1,1,1,1,1,1,1,1,1,1,1,1,1,1,1,1,1,1,1,1,1,1,1,1,1,1,1,1,1,1,1]
MOV S$标识2可熔炼列表 [匕首,青铜剑,乌木剑,铁剑,短剑,鹤嘴锄,青铜斧,八荒,半月,海魂,罗刹,凌风,破魂,祈祷之刃,斩马刀,偃月,降魔,修罗,凝霜,轻型盔甲(男),轻型盔甲(女),中型盔甲(男),中型盔甲(女),重盔甲(男),重盔甲(女),魔法长袍(男),魔法长袍(女),灵魂战衣(男),灵魂战衣(女),青铜头盔,骷髅头盔,魔法头盔,道士头盔,金项链,传统项链,白金项链,白色虎齿项链,躲避手链,黑檀项链,黄色水晶项链,黑色水晶项链,魔鬼项链,琥珀项链,凤凰明珠,灯笼项链,蓝翡翠项链,竹笛,放大镜,铁手镯,小手镯,银手镯,皮制手套,钢手镯,大手镯,夏普儿手镯,坚固手套,魔法手镯,道士手镯,黑檀手镯,避邪手镯,魔力手镯,死神手套,金手镯,古铜戒指,六角戒指,玻璃戒指,牛角戒指,生铁戒指,蓝色水晶戒指,黑色水晶戒指,蛇眼戒指,珍珠戒指,金戒指,魅力戒指,道德戒指,降妖除魔戒指,珊瑚戒指,骷髅戒指,炼狱,魔杖,银蛇,井中月,无极棍,血饮,命运之刃,魔血项链,魔血手镯,魔血戒指,虹魔项链,虹魔手镯,虹魔戒指,狂风戒指,狂风项链,祈祷头盔,祈祷项链,祈祷手镯,祈祷戒指,记忆头盔,记忆项链,记忆手镯,记忆戒指,幽灵项链,幽灵手套,龙之戒指,生命项链,思贝儿手镯,红宝石戒指,天珠项链,心灵手镯,铂金戒指]
MOV S$标识20可熔炼列表熔炼点数 [1,1,1,1,1,1,1,1,1,1,2,1,1,2,1,1,1,1,1,1,1,1,1,1,1,1,1,1,1,1,1,1,1,1,1,1,1,1,1,1,1,1,1,1,1,1,1,1,1,1,1,1,1,1,1,1,1,1,1,1,1,1,1,1,1,1,1,1,1,1,1,1,1,1,1,1,1,1,6,3,3,6,3,3,6,2,2,2,2,2,2,2,2,2,2,2,2,2,2,2,2,4,4,4,2,2,2,2,2,2]
MOV S$标识21可熔炼列表熔炼点数 [1,1,1,1,1,1,1,1,1,1,2,1,1,2,1,1,1,1,1,1,1,1,1,1,1,1,1,1,1,1,1,1,1,1,1,1,1,1,1,1,1,1,1,1,1,1,1,1,1,1,1,1,1,1,1,1,1,1,1,1,1,1,1,1,1,1,1,1,1,1,1,1,1,1,1,1,1,1,3,6,3,3,3,6,3,2,2,2,2,2,2,2,2,2,2,2,2,2,2,2,2,2,2,2,4,4,4,2,2,2]
MOV S$标识22可熔炼列表熔炼点数 [1,1,1,1,1,1,1,1,1,1,2,1,1,2,1,1,1,1,1,1,1,1,1,1,1,1,1,1,1,1,1,1,1,1,1,1,1,1,1,1,1,1,1,1,1,1,1,1,1,1,1,1,1,1,1,1,1,1,1,1,1,1,1,1,1,1,1,1,1,1,1,1,1,1,1,1,1,1,3,3,6,3,6,3,3,2,2,2,2,2,2,2,2,2,2,2,2,2,2,2,2,2,2,2,2,2,2,4,4,4]
MOV S$标识3可熔炼列表 [匕首,青铜剑,乌木剑,铁剑,短剑,鹤嘴锄,青铜斧,八荒,半月,海魂,罗刹,凌风,破魂,祈祷之刃,斩马刀,偃月,降魔,修罗,凝霜,轻型盔甲(男),轻型盔甲(女),中型盔甲(男),中型盔甲(女),重盔甲(男),重盔甲(女),魔法长袍(男),魔法长袍(女),灵魂战衣(男),灵魂战衣(女),青铜头盔,骷髅头盔,魔法头盔,道士头盔,金项链,传统项链,白金项链,白色虎齿项链,躲避手链,黑檀项链,黄色水晶项链,黑色水晶项链,魔鬼项链,琥珀项链,凤凰明珠,灯笼项链,蓝翡翠项链,竹笛,放大镜,铁手镯,小手镯,银手镯,皮制手套,钢手镯,大手镯,夏普儿手镯,坚固手套,魔法手镯,道士手镯,黑檀手镯,避邪手镯,魔力手镯,死神手套,金手镯,古铜戒指,六角戒指,玻璃戒指,牛角戒指,生铁戒指,蓝色水晶戒指,黑色水晶戒指,蛇眼戒指,珍珠戒指,金戒指,魅力戒指,道德戒指,降妖除魔戒指,珊瑚戒指,骷髅戒指,炼狱,魔杖,银蛇,井中月,无极棍,血饮,命运之刃,魔血项链,魔血手镯,魔血戒指,虹魔项链,虹魔手镯,虹魔戒指,狂风戒指,狂风项链,祈祷头盔,祈祷项链,祈祷手镯,祈祷戒指,记忆头盔,记忆项链,记忆手镯,记忆戒指,幽灵项链,幽灵手套,龙之戒指,生命项链,思贝儿手镯,红宝石戒指,天珠项链,心灵手镯,铂金戒指,裁决之杖,龙纹剑,骨玉权杖,战神盔甲(男),战神盔甲(女),恶魔长袍(女),恶魔长袍(男),幽灵战衣(女),幽灵战衣(男),黑铁头盔,绿色项链,骑士手镯,阎罗手套,力量戒指,恶魔铃铛,龙之手镯,紫碧螺,灵魂项链,三眼手镯,泰坦戒指]
MOV S$标识30可熔炼列表熔炼点数 [1,1,1,1,1,1,1,1,1,1,2,1,1,2,1,1,1,1,1,1,1,1,1,1,1,1,1,1,1,1,1,1,1,1,1,1,1,1,1,1,1,1,1,1,1,1,1,1,1,1,1,1,1,1,1,1,1,1,1,1,1,1,1,1,1,1,1,1,1,1,1,1,1,1,1,1,1,1,6,3,3,6,3,3,6,2,2,2,2,2,2,2,2,2,2,2,2,2,2,2,2,4,4,4,2,2,2,2,2,2,10,5,5,6,6,3,3,3,3,6,6,6,6,6,3,3,3,3,3,3]
MOV S$标识31可熔炼列表熔炼点数 [1,1,1,1,1,1,1,1,1,1,2,1,1,2,1,1,1,1,1,1,1,1,1,1,1,1,1,1,1,1,1,1,1,1,1,1,1,1,1,1,1,1,1,1,1,1,1,1,1,1,1,1,1,1,1,1,1,1,1,1,1,1,1,1,1,1,1,1,1,1,1,1,1,1,1,1,1,1,3,6,3,3,3,6,3,2,2,2,2,2,2,2,2,2,2,2,2,2,2,2,2,2,2,2,4,4,4,2,2,2,5,5,10,3,3,6,6,3,3,3,3,3,3,3,6,6,6,3,3,3]
MOV S$标识32可熔炼列表熔炼点数 [1,1,1,1,1,1,1,1,1,1,2,1,1,2,1,1,1,1,1,1,1,1,1,1,1,1,1,1,1,1,1,1,1,1,1,1,1,1,1,1,1,1,1,1,1,1,1,1,1,1,1,1,1,1,1,1,1,1,1,1,1,1,1,1,1,1,1,1,1,1,1,1,1,1,1,1,1,1,3,3,6,3,6,3,3,2,2,2,2,2,2,2,2,2,2,2,2,2,2,2,2,2,2,2,2,2,2,4,4,4,5,10,5,3,3,3,3,6,6,3,3,3,3,3,3,3,3,6,6,6]
MOV S$标识4可熔炼列表 [匕首,青铜剑,乌木剑,铁剑,短剑,鹤嘴锄,青铜斧,八荒,半月,海魂,罗刹,凌风,破魂,祈祷之刃,斩马刀,偃月,降魔,修罗,凝霜,轻型盔甲(男),轻型盔甲(女),中型盔甲(男),中型盔甲(女),重盔甲(男),重盔甲(女),魔法长袍(男),魔法长袍(女),灵魂战衣(男),灵魂战衣(女),青铜头盔,骷髅头盔,魔法头盔,道士头盔,金项链,传统项链,白金项链,白色虎齿项链,躲避手链,黑檀项链,黄色水晶项链,黑色水晶项链,魔鬼项链,琥珀项链,凤凰明珠,灯笼项链,蓝翡翠项链,竹笛,放大镜,铁手镯,小手镯,银手镯,皮制手套,钢手镯,大手镯,夏普儿手镯,坚固手套,魔法手镯,道士手镯,黑檀手镯,避邪手镯,魔力手镯,死神手套,金手镯,古铜戒指,六角戒指,玻璃戒指,牛角戒指,生铁戒指,蓝色水晶戒指,黑色水晶戒指,蛇眼戒指,珍珠戒指,金戒指,魅力戒指,道德戒指,降妖除魔戒指,珊瑚戒指,骷髅戒指,炼狱,魔杖,银蛇,井中月,无极棍,血饮,命运之刃,魔血项链,魔血手镯,魔血戒指,虹魔项链,虹魔手镯,虹魔戒指,狂风戒指,狂风项链,祈祷头盔,祈祷项链,祈祷手镯,祈祷戒指,记忆头盔,记忆项链,记忆手镯,记忆戒指,幽灵项链,幽灵手套,龙之戒指,生命项链,思贝儿手镯,红宝石戒指,天珠项链,心灵手镯,铂金戒指,裁决之杖,龙纹剑,骨玉权杖,战神盔甲(男),战神盔甲(女),恶魔长袍(女),恶魔长袍(男),幽灵战衣(女),幽灵战衣(男),黑铁头盔,绿色项链,骑士手镯,阎罗手套,力量戒指,恶魔铃铛,龙之手镯,紫碧螺,灵魂项链,三眼手镯,泰坦戒指,天魔神甲,圣战宝甲,法神披风,霓裳羽衣,天尊道袍,天师长袍,圣战头盔,圣战项链,圣战手镯,圣战戒指,法神头盔,法神项链,法神手镯,法神戒指,天尊头盔,天尊项链,天尊手镯,天尊戒指,屠龙,嗜魂法杖,霸者之刃,怒斩,逍遥扇,龙牙]
MOV S$标识40可熔炼列表熔炼点数 [1,1,1,1,1,1,1,1,1,1,2,1,1,2,1,1,1,1,1,1,1,1,1,1,1,1,1,1,1,1,1,1,1,1,1,1,1,1,1,1,1,1,1,1,1,1,1,1,1,1,1,1,1,1,1,1,1,1,1,1,1,1,1,1,1,1,1,1,1,1,1,1,1,1,1,1,1,1,6,3,3,6,3,3,6,2,2,2,2,2,2,2,2,2,2,2,2,2,2,2,2,4,4,4,2,2,2,2,2,2,10,5,5,6,6,3,3,3,3,6,6,6,6,6,3,3,3,3,3,3,16,16,8,8,8,8,10,10,10,10,5,5,5,5,5,5,5,5,20,10,10,30,15,15]
MOV S$标识41可熔炼列表熔炼点数 [1,1,1,1,1,1,1,1,1,1,2,1,1,2,1,1,1,1,1,1,1,1,1,1,1,1,1,1,1,1,1,1,1,1,1,1,1,1,1,1,1,1,1,1,1,1,1,1,1,1,1,1,1,1,1,1,1,1,1,1,1,1,1,1,1,1,1,1,1,1,1,1,1,1,1,1,1,1,3,6,3,3,3,6,3,2,2,2,2,2,2,2,2,2,2,2,2,2,2,2,2,2,2,2,4,4,4,2,2,2,5,5,10,3,3,6,6,3,3,3,3,3,3,3,6,6,6,3,3,3,8,8,16,16,8,8,5,5,5,5,10,10,10,10,5,5,5,5,10,20,10,15,15,30]
MOV S$标识42可熔炼列表熔炼点数 [1,1,1,1,1,1,1,1,1,1,2,1,1,2,1,1,1,1,1,1,1,1,1,1,1,1,1,1,1,1,1,1,1,1,1,1,1,1,1,1,1,1,1,1,1,1,1,1,1,1,1,1,1,1,1,1,1,1,1,1,1,1,1,1,1,1,1,1,1,1,1,1,1,1,1,1,1,1,3,3,6,3,6,3,3,2,2,2,2,2,2,2,2,2,2,2,2,2,2,2,2,2,2,2,2,2,2,4,4,4,5,10,5,3,3,3,3,6,6,3,3,3,3,3,3,3,3,6,6,6,8,8,8,8,16,16,5,5,5,5,5,5,5,5,10,10,10,10,10,10,20,15,30,15]

MOV S$标识5可熔炼列表 [匕首,青铜剑,乌木剑,铁剑,短剑,鹤嘴锄,青铜斧,八荒,半月,海魂,罗刹,凌风,破魂,祈祷之刃,斩马刀,偃月,降魔,修罗,凝霜,轻型盔甲(男),轻型盔甲(女),中型盔甲(男),中型盔甲(女),重盔甲(男),重盔甲(女),魔法长袍(男),魔法长袍(女),灵魂战衣(男),灵魂战衣(女),青铜头盔,骷髅头盔,魔法头盔,道士头盔,金项链,传统项链,白金项链,白色虎齿项链,躲避手链,黑檀项链,黄色水晶项链,黑色水晶项链,魔鬼项链,琥珀项链,凤凰明珠,灯笼项链,蓝翡翠项链,竹笛,放大镜,铁手镯,小手镯,银手镯,皮制手套,钢手镯,大手镯,夏普儿手镯,坚固手套,魔法手镯,道士手镯,黑檀手镯,避邪手镯,魔力手镯,死神手套,金手镯,古铜戒指,六角戒指,玻璃戒指,牛角戒指,生铁戒指,蓝色水晶戒指,黑色水晶戒指,蛇眼戒指,珍珠戒指,金戒指,魅力戒指,道德戒指,降妖除魔戒指,珊瑚戒指,骷髅戒指,炼狱,魔杖,银蛇,井中月,无极棍,血饮,命运之刃,魔血项链,魔血手镯,魔血戒指,虹魔项链,虹魔手镯,虹魔戒指,狂风戒指,狂风项链,祈祷头盔,祈祷项链,祈祷手镯,祈祷戒指,记忆头盔,记忆项链,记忆手镯,记忆戒指,幽灵项链,幽灵手套,龙之戒指,生命项链,思贝儿手镯,红宝石戒指,天珠项链,心灵手镯,铂金戒指,裁决之杖,龙纹剑,骨玉权杖,战神盔甲(男),战神盔甲(女),恶魔长袍(女),恶魔长袍(男),幽灵战衣(女),幽灵战衣(男),黑铁头盔,绿色项链,骑士手镯,阎罗手套,力量戒指,恶魔铃铛,龙之手镯,紫碧螺,灵魂项链,三眼手镯,泰坦戒指,天魔神甲,圣战宝甲,法神披风,霓裳羽衣,天尊道袍,天师长袍,圣战头盔,圣战项链,圣战手镯,圣战戒指,法神头盔,法神项链,法神手镯,法神戒指,天尊头盔,天尊项链,天尊手镯,天尊戒指,屠龙,嗜魂法杖,霸者之刃,怒斩,逍遥扇,龙牙,雷霆战甲(男),雷霆战甲(女),烈焰魔衣(男),烈焰魔衣(女),光芒道袍(男),光芒道袍(女),雷霆项链,雷霆护腕,雷霆战戒,雷霆战靴,雷霆腰带,圣龙盔,烈焰项链,烈焰护腕,烈焰魔戒,烈焰魔靴,烈焰腰带,魔龙盔,光芒项链,光芒护腕,光芒道戒,光芒道靴,光芒腰带,天龙盔]
MOV S$标识50可熔炼列表熔炼点数 [1,1,1,1,1,1,1,1,1,1,2,1,1,2,1,1,1,1,1,1,1,1,1,1,1,1,1,1,1,1,1,1,1,1,1,1,1,1,1,1,1,1,1,1,1,1,1,1,1,1,1,1,1,1,1,1,1,1,1,1,1,1,1,1,1,1,1,1,1,1,1,1,1,1,1,1,1,1,6,3,3,6,3,3,6,2,2,2,2,2,2,2,2,2,2,2,2,2,2,2,2,4,4,4,2,2,2,2,2,2,10,5,5,6,6,3,3,3,3,6,6,6,6,6,3,3,3,3,3,3,16,16,8,8,8,8,10,10,10,10,5,5,5,5,5,5,5,5,20,10,10,30,15,15,24,24,12,12,12,12,12,12,12,12,12,12,6,6,6,6,6,6,6,6,6,6,6,6]
MOV S$标识51可熔炼列表熔炼点数 [1,1,1,1,1,1,1,1,1,1,2,1,1,2,1,1,1,1,1,1,1,1,1,1,1,1,1,1,1,1,1,1,1,1,1,1,1,1,1,1,1,1,1,1,1,1,1,1,1,1,1,1,1,1,1,1,1,1,1,1,1,1,1,1,1,1,1,1,1,1,1,1,1,1,1,1,1,1,3,6,3,3,3,6,3,2,2,2,2,2,2,2,2,2,2,2,2,2,2,2,2,2,2,2,4,4,4,2,2,2,5,5,10,3,3,6,6,3,3,3,3,3,3,3,6,6,6,3,3,3,8,8,16,16,8,8,5,5,5,5,10,10,10,10,5,5,5,5,10,20,10,15,15,30,12,12,24,24,12,12,6,6,6,6,6,6,12,12,12,12,12,12,6,6,6,6,6,6]
MOV S$标识52可熔炼列表熔炼点数 [1,1,1,1,1,1,1,1,1,1,2,1,1,2,1,1,1,1,1,1,1,1,1,1,1,1,1,1,1,1,1,1,1,1,1,1,1,1,1,1,1,1,1,1,1,1,1,1,1,1,1,1,1,1,1,1,1,1,1,1,1,1,1,1,1,1,1,1,1,1,1,1,1,1,1,1,1,1,3,3,6,3,6,3,3,2,2,2,2,2,2,2,2,2,2,2,2,2,2,2,2,2,2,2,2,2,2,4,4,4,5,10,5,3,3,3,3,6,6,3,3,3,3,3,3,3,3,6,6,6,8,8,8,8,16,16,5,5,5,5,5,5,5,5,10,10,10,10,10,10,20,15,30,15,12,12,12,12,24,24,6,6,6,6,6,6,6,6,6,6,6,6,12,12,12,12,12,12]

MOV L$沃玛以下勾选图片位置 [192,193,192,192,192,192]
MOV L$祖玛以下勾选图片位置 [192,192,193,192,192,192]
MOV L$赤月以下勾选图片位置 [192,192,192,193,192,192]
MOV L$雷霆以下勾选图片位置 [192,192,192,192,193,192]
MOV L$战神以下勾选图片位置 [192,192,192,192,192,193]

MOV L$当前手动拾取熔炼用点数列表 <$STR(S$标识5<$JOB>可熔炼列表熔炼点数)>
MOV L$当前手动拾取熔炼用装备列表 <$STR(S$标识5可熔炼列表)>

MOV L$装备淬炼武器主属性列表 [0,1,2]
MOV L$装备淬炼其他主属性列表 [2,3,4]

#IF
LARGE U100 0
#ACT
MOV L$当前自动拾取熔炼用点数列表 <$STR(S$标识<$STR(U100)><$JOB>可熔炼列表熔炼点数)>
MOV L$当前自动拾取熔炼用装备列表 <$STR(S$标识<$STR(U100)>可熔炼列表)>
}