经验	2  90000000  50		
经验	2  85000000  30		
经验	2  80000000  20		
经验	1  7000000  10		
经验	1  7500000  10		
经验	1  76000000  15		
经验	0  77000000  16		
经验	0  78000000  18		
经验	0  79000000  20		
经验	0  80000000  20		
青龙道靴	0  1  500		
雷龙魔靴	0  1  500		
炎龙战靴	0  1  500		
炎龙护腕	0  1  500		
经验	1  7500000  10		
经验	1  76000000  15		
经验	1  77000000  16		
经验	0  78000000  18		
经验	0  79000000  20		
经验	0  80000000  20		
青龙腰带	0  1  500		
雷龙腰带	0  1  500		
炎龙腰带	0  1  500		
雷龙护腕	0  1  500		
经验	1  7500000  10		
经验	1  7600000  15		
经验	1  7700000  16		
经验	0  7800000  18		
经验	0  7900000  20		
经验	0  8000000  20		
青龙道戒	0  1  500		
雷龙魔戒	0  1  500		
炎龙战戒	0  1  500		
青龙护腕	0  1  500		
经验	1  750000  10		
经验	1  7600000  15		
经验	1  7700000  16		
经验	0  7800000  18		
经验	0  7900000  20		
经验	0  8000000  20		
青龙项链	1	1	500
雷龙项链	1	1	500
炎龙项链	1	1	500
青龙道盔	1	1	500
雷龙魔盔	1	1	500
炎龙战盔	1	1	500
牛    0   1   20			
气    0   1   20			
冲    0   1   20			
天    0   1   20			
年货包装纸    0   2   50			
灵虚丹(中)    0   1   30			
完美绿宝石    0   2   80			
龙魂    0   2   70			
无痕绿宝石    0   2   30			
虎啸战甲(男)    0   1   150			
虎啸战甲(女)    0   1   150			
聚魔法衣(男)    0   1   150			
聚魔法衣(女)    0   1   150			
暗咒道袍(男)    0   1   150			
暗咒道袍(女)    0   1   150			
经验	2  750000  10		
经验	2  7600000  15		
经验	2  7700000  16		
经验	2  7800000  18
经验	2  7900000  20
经验	2  8000000  20
赤金逍遥扇	1	1	500
紫金嗜魂法杖	1	1	500
黄金裁决	1	1	500
